494.473222,237.367103,2498.225888
498.522749,232.391605,2499.621981
502.455946,240.359967,2498.014157
506.255809,229.615310,2499.707525
508.056613,234.561397,2498.136877
514.938630,218.650860,2496.950402
515.420287,211.098030,2499.411709
516.536965,187.785570,2496.428033
517.417525,181.911130,2496.615199
518.959306,173.669419,2496.647010
521.377490,170.744500,2495.683474
525.284620,178.099831,2495.467713
525.887352,167.360560,2498.682927
526.042418,136.724418,2496.527186
527.430865,125.028188,2496.206910
527.937903,115.880140,2496.561359
528.628061,117.468972,2496.082252
530.768045,182.992148,2479.986000
530.994621,107.345463,2497.201512
531.297240,93.062245,2496.263512
532.167371,87.499313,2496.308892
532.554468,85.736088,2496.422726
533.275215,135.649371,2487.147529
534.560991,91.461113,2493.912634
536.683602,88.399171,2494.429557
537.005704,87.160444,2494.415404
539.454593,85.619385,2497.288059
539.484920,64.286054,2494.487238
540.411925,56.436285,2494.477660
540.604039,53.201584,2494.625445
540.624480,54.698423,2494.410697
540.639837,52.081311,2494.599353
541.308583,47.243475,2494.743774
541.380577,45.322587,2494.684955
541.392338,49.292801,2494.577174
541.698124,36.808038,2494.701887
541.824967,44.652006,2494.693308
541.888859,36.439700,2494.650271
542.301430,30.764627,2494.510400
542.342948,24.557163,2494.371761
542.367440,25.783830,2493.914210
542.468592,23.937695,2494.084821
542.503803,25.234754,2493.922184
551.698489,257.489063,2385.277430
554.318455,293.216565,2376.581273
566.479461,305.337908,2368.582036
653.756430,432.099046,2363.009832
676.523539,496.871680,2347.115176
681.827770,465.866719,2351.793004
697.058680,515.643753,2339.236425
725.810428,635.082184,2330.849775
732.471761,634.689197,2328.768265
737.693319,640.303749,2326.843550
739.231857,625.429674,2339.098314
742.734171,629.360077,2338.171206
747.999774,622.190490,2327.141944
752.677944,651.630736,2323.435043
760.569215,675.295665,2321.707397
761.487482,675.165067,2319.429834
763.089554,684.890466,2319.058742
766.197622,683.577552,2319.065586
772.942293,671.947708,2323.215684
777.212686,678.541517,2318.934938
786.892442,656.041135,2301.158335
789.375145,642.613451,2307.302920
802.693471,652.843768,2303.742041
813.316885,665.718464,2297.717844
832.802477,680.558339,2297.580602
891.053244,757.887309,2294.070583
908.291870,824.033050,2278.436872
911.230691,783.430261,2286.286076
932.615415,837.276644,2276.985575
935.292770,874.830635,2266.187773
954.721132,894.954495,2261.521351
961.310175,896.773656,2258.492392
997.222978,868.393228,2262.714727
1002.610214,906.392206,2252.517732
1019.158287,933.057276,2244.718211
1050.030559,953.918218,2240.383483
1061.209826,954.056717,2236.146092
1080.880509,1046.769869,2193.540133
1117.727997,992.756558,2219.967556
1257.185652,1211.922812,2183.312941
1350.809835,1331.555866,2176.976568
1420.548553,1366.540387,2158.985971
1436.762670,1431.841415,2157.282191
1444.034066,1363.542881,2149.315217
1515.018051,1459.927842,2140.051427
1645.166425,1597.780783,2136.947503
1738.938138,1697.963854,2121.669312
1752.816545,1794.137095,2116.133831
1813.758792,1861.548943,2099.928100
1833.518829,1932.549830,2099.320411
1893.568879,1987.580518,2085.060662
1926.088311,2091.324836,2062.572066
1944.929748,4087.774325,1668.598979
2017.994343,2266.717630,2024.053986
2019.383763,2242.660878,2022.677828
2041.532827,3599.960070,1822.036624
2055.652208,3626.498531,1817.549468
2067.021970,3636.407265,1813.630101
2068.265239,2166.117810,2059.859836
2099.746709,2205.511526,2048.777910
2105.682070,3676.116326,1808.524639
2123.065800,4888.867970,1640.878816
2125.326110,3691.734685,1800.887465
2161.193102,4981.433050,1626.832772
2169.688418,4949.646432,1635.494147
2172.905544,4974.606562,1630.836886
2174.221258,2743.167242,2018.193887
2175.874591,2737.019051,2017.536746
2179.481160,5007.430708,1622.462753
2184.077729,3684.162660,1804.540881
2184.453726,2668.081258,2018.507363
2188.413293,5010.452505,1620.147634
2190.985389,3671.519717,1803.104285
2191.930161,3671.053910,1803.643425
2193.672212,5025.027409,1604.949473
2194.804035,2802.514260,2014.433356
2194.824066,5003.684640,1617.329258
2196.601020,2824.635199,2012.456289
2197.173276,2654.240720,2017.029028
2197.311697,3696.350316,1794.673116
2202.312260,2790.295071,2014.703850
2219.678730,2651.724001,2015.811557
2219.746598,4962.185316,1629.113448
2221.174980,2794.364647,2009.500354
2221.821059,4992.093124,1624.287875
2223.341791,3738.307660,1792.644548
2223.520800,2935.768141,1994.793896
2227.348799,2843.553508,2003.877534
2230.777973,3710.636952,1793.207889
2231.639211,2613.918907,2013.588117
2233.692720,5072.168441,1600.071490
2238.299430,5012.359015,1606.543215
2238.549831,4728.098761,1629.496335
2239.593326,5103.393997,1579.049475
2240.156433,5081.542428,1592.209797
2240.674612,4689.239484,1645.882764
2242.205321,3788.629165,1780.580036
2244.530556,3113.556765,1977.324511
2245.424440,5082.454064,1580.141001
2246.514332,2945.016558,1992.485246
2248.147832,2829.451228,2005.116642
2248.186504,3756.267850,1779.304284
2249.331974,5043.678647,1603.401654
2249.723459,5063.236086,1591.208796
2251.050324,5058.630898,1602.137223
2251.853381,2671.163940,2011.380131
2257.628225,5067.530869,1585.960852
2257.654561,3810.488485,1778.310610
2260.447873,2943.611146,1991.219549
2261.032232,2906.127421,1993.668681
2263.161799,2908.937667,1993.338272
2263.242196,3154.794823,1968.083876
2265.551405,2845.900613,2001.841900
2269.985217,4714.196440,1640.969723
2271.843939,4684.848292,1624.986669
2276.613203,4773.309212,1622.172791
2276.642918,4689.589353,1620.778767
2280.402178,2946.195715,1988.892545
2280.760824,2973.532126,1985.911367
2284.035575,1551.672749,1999.607392
2287.375298,2985.895722,1981.649797
2287.884973,5108.341817,1567.851144
2288.143387,3163.670032,1964.395121
2288.401609,3821.950256,1776.339858
2297.233119,3174.020439,1960.369270
2299.132810,5129.442383,1552.795846
2302.147813,3857.267345,1766.245801
2302.590473,3048.015753,1973.213906
2303.496733,3022.186652,1976.151779
2304.858679,2993.589293,1980.181510
2307.307962,3112.685538,1967.987395
2307.880953,3179.895936,1958.656351
2308.499557,4865.690153,1605.396769
2309.356241,4878.649541,1584.440634
2309.980084,4729.623779,1618.339846
2311.436956,4809.886921,1616.556981
2311.831264,2982.007175,1980.939712
2313.016219,3202.662541,1951.398451
2313.218788,3151.735594,1964.260727
2313.318652,5169.843931,1540.631717
2316.383817,4671.694506,1618.050145
2317.778695,3138.365145,1960.850185
2321.401300,4723.060411,1613.016584
2322.830830,4887.895202,1582.803088
2324.292906,3884.435797,1758.425296
2331.066551,3036.667483,1972.222828
2340.836288,5169.080807,1543.475141
2341.282341,3903.913175,1748.309175
2342.764594,4856.511434,1605.965435
2344.322520,4665.730627,1645.054219
2347.097432,3885.919572,1757.963969
2348.478952,3113.257804,1962.635244
2353.964068,3872.173067,1753.256684
2354.347982,3895.173473,1750.726502
2355.738709,4507.175938,1628.799553
2360.771099,3886.288606,1748.780936
2360.860630,4652.003173,1586.754037
2360.922445,5163.036993,1547.924185
2364.246745,5216.750138,1529.323108
2366.378022,3227.326050,1943.839368
2368.925847,3882.143702,1743.149043
2369.253603,3111.774397,1957.168363
2369.539872,3467.901568,1900.253883
2370.871039,3255.481259,1939.169968
2371.060059,4460.848043,1629.837298
2375.521627,4426.408411,1635.721445
2376.289408,5357.267010,1461.439046
2378.684889,3395.162672,1914.854683
2379.511544,5159.359507,1502.615035
2381.028191,4575.155287,1596.274904
2381.423251,3338.711072,1925.195988
2382.744169,3389.965458,1917.911516
2383.145204,4423.519302,1631.936600
2388.768419,3471.009199,1891.757295
2390.234932,3093.990573,1953.516600
2390.458935,3039.895257,1963.575417
2393.436371,3459.910630,1899.072843
2395.011581,5239.654855,1497.512663
2397.304106,3383.601725,1913.967093
2397.839343,3361.160995,1915.182563
2398.196120,3905.992697,1742.268557
2401.988177,2467.224368,1990.354424
2402.692317,5348.508362,1464.754528
2406.176092,3089.861859,1946.305174
2406.367032,3906.434598,1742.250496
2409.740016,5373.709925,1449.804500
2409.779339,3441.959014,1895.868824
2412.562124,4617.436407,1586.324137
2413.380987,3085.747885,1950.156233
2413.645821,3412.099492,1909.594902
2413.925066,5426.453834,1414.199799
2413.971393,3055.570243,1956.427917
2417.203963,5369.733075,1449.659054
2417.551086,3500.616690,1884.934403
2419.154381,3040.147706,1960.334830
2421.056725,5404.149178,1441.596584
2421.351018,3071.922934,1945.572046
2421.777489,3428.706803,1901.987440
2422.222036,3307.043173,1919.742288
2424.004386,3291.725776,1923.068516
2426.617358,3494.872022,1882.629509
2426.910547,3944.275313,1735.306865
2429.255680,4381.791360,1662.487462
2429.287873,3396.793623,1907.078743
2429.715468,5408.120599,1436.804244
2429.896544,5403.867035,1443.005771
2431.107888,5382.436476,1449.493673
2432.073340,5360.764432,1452.836140
2432.184447,5231.585637,1481.247551
2432.750024,3477.769249,1887.448999
2434.277915,5411.817991,1424.821068
2435.900475,3483.512736,1884.655178
2435.981020,3938.816903,1726.313768
2436.104745,3503.520154,1872.956688
2437.520711,3898.287158,1736.326559
2439.025178,3351.324432,1915.481775
2439.466452,3378.888615,1910.549739
2440.139911,3134.282197,1944.194615
2440.184893,4341.889824,1632.101490
2442.049863,3430.306296,1897.757150
2442.938850,5391.057214,1435.304022
2443.191993,3922.529168,1733.179316
2443.529778,3456.049459,1891.006440
2443.603484,3480.584995,1885.966887
2445.474722,5408.774206,1429.102512
2447.758852,3461.860750,1887.946019
2449.112993,5364.641725,1451.994345
2449.211334,3932.974293,1724.057374
2450.631668,3490.863906,1883.611415
2452.366601,3359.453609,1907.231437
2453.615417,3358.326581,1907.980757
2453.795612,3499.048123,1882.292971
2455.661863,4216.250877,1612.342379
2456.273187,4200.768042,1643.419337
2458.070217,3088.395679,1945.141452
2466.745241,5398.053841,1430.330470
2469.884012,3924.639031,1731.282589
2469.950152,3339.047251,1908.250018
2475.026893,3531.882645,1870.993657
2479.520775,3363.799802,1903.759131
2482.397104,3368.626665,1902.414136
2483.455901,3348.134992,1904.454847
2490.219938,3122.070274,1927.408777
2492.244531,5405.327843,1426.819619
2495.333471,3512.661322,1870.071441
2497.763669,4161.058258,1578.554607
2499.946835,3079.092499,1931.545726
2501.856317,3179.878165,1926.880581
2501.909552,3524.991384,1856.301995
2502.973451,5387.963651,1446.541666
2504.114801,3365.419909,1900.141822
2507.361979,3148.911453,1917.203323
2511.893967,3536.518021,1846.527423
2516.934499,5391.573005,1421.021736
2543.498172,3200.254165,1913.294380
2545.278177,5104.369673,1531.881192
2547.134366,5461.489474,1379.256399
2553.169362,5479.230797,1368.294096
2554.792826,2002.005666,1975.795696
2554.864061,5124.378752,1531.217990
2555.132084,5497.139072,1337.096411
2559.048343,4983.374397,1504.376569
2560.950109,4964.977376,1541.022606
2561.083699,5472.946581,1358.356479
2562.525626,3581.918355,1828.323522
2564.270954,3229.698126,1902.301550
2569.562244,5205.783476,1495.193522
2569.847698,3558.038054,1838.168218
2571.100893,5416.025137,1418.187747
2573.905267,5427.677031,1407.616278
2576.434018,2032.688062,1974.503229
2577.827053,5464.143708,1356.878706
2581.469511,5369.654952,1429.085283
2584.990064,5354.645016,1420.724442
2589.477145,2066.512622,1957.503631
2590.072830,5486.799722,1353.050632
2590.360414,5231.311338,1493.298412
2593.253599,5408.062274,1405.456412
2594.363567,5258.301555,1466.756332
2594.442512,3628.969110,1810.928741
2597.456843,5374.868374,1408.184475
2598.397230,3228.263341,1897.575730
2598.989712,5145.824087,1499.269104
2599.756127,3983.383326,1722.306411
2605.396999,4005.087044,1711.820782
2605.426113,3640.349674,1810.026104
2606.246848,2107.217995,1950.011280
2607.759919,5252.887195,1456.885379
2609.406281,2044.097564,1968.040747
2610.598568,2102.115230,1946.150556
2611.948733,3632.957642,1808.543191
2612.912311,5199.741438,1487.994432
2613.611748,2151.975322,1938.485919
2614.006247,3666.845010,1802.809807
2614.219772,3616.806783,1815.706592
2617.523179,3678.248340,1797.586164
2617.701526,5128.391560,1463.750232
2619.608097,5305.746126,1448.756759
2620.154183,4007.753788,1709.963236
2621.294503,5321.038648,1419.951566
2621.633743,5346.047491,1414.315007
2622.038297,5371.001870,1404.939558
2622.315334,3570.029259,1828.356257
2623.660150,5448.397299,1371.451730
2623.869363,3698.016536,1784.642194
2626.480891,3615.761736,1808.936192
2627.878551,5438.586293,1382.735004
2629.695309,5172.230546,1448.778209
2630.965298,3639.682474,1806.360868
2631.310089,5164.011823,1450.057695
2632.877044,5306.662969,1432.280065
2634.302940,3674.960077,1794.857065
2635.283780,5420.232203,1392.395826
2637.319079,3550.455566,1836.488576
2637.344293,4012.620105,1706.975290
2637.801088,5159.677936,1459.905425
2638.579840,3558.629942,1825.531367
2641.172575,3708.667443,1773.040541
2641.736148,3271.719398,1878.465580
2643.053473,3701.534555,1780.237717
2644.332958,2055.209589,1960.300778
2644.645188,3764.746371,1742.313234
2645.182344,4004.053613,1718.635398
2646.236116,5300.795441,1436.728378
2646.736044,5075.526981,1465.286420
2646.838241,5252.625892,1443.514155
2647.034510,5271.376159,1417.455300
2647.728010,5417.253329,1401.902807
2648.903153,5416.499007,1390.917207
2650.344498,3246.570932,1883.715702
2651.190697,5331.079360,1411.620812
2651.489056,3552.896490,1834.821185
2652.423908,5240.862191,1444.982984
2653.251028,3248.207821,1879.285501
2653.439353,5260.130569,1430.964998
2655.809808,3992.921071,1710.270509
2656.594934,3665.882646,1789.432590
2656.847710,3970.795864,1721.329166
2657.042144,5344.282491,1407.390789
2658.050703,5446.279676,1353.897111
2658.511027,3676.816740,1788.794980
2659.346021,3986.355840,1715.994885
2660.572314,5412.776485,1393.746661
2660.860744,5308.726630,1387.652485
2665.883762,5412.541695,1369.008473
2666.118708,5409.212907,1360.446758
2666.295561,5261.152360,1423.605440
2666.957513,5160.111587,1426.812155
2667.497372,3710.627944,1770.721512
2667.601113,3723.149982,1766.143675
2669.713741,3990.269152,1712.010690
2670.724546,3728.491802,1764.155789
2671.560896,4025.265269,1701.409082
2675.916864,3280.657161,1869.161390
2676.265719,4790.771536,1573.053111
2676.390377,5341.324683,1383.020842
2676.573553,3753.433087,1750.610018
2680.477980,4830.713313,1560.755534
2681.271511,2574.365252,1874.545731
2681.509124,5416.840533,1351.461379
2682.042906,3980.787392,1714.561245
2682.104015,5305.484370,1400.960688
2683.367088,3971.318969,1709.644947
2683.882865,2236.771329,1921.129938
2684.297380,5386.512067,1381.670337
2684.803107,4816.066222,1566.132111
2685.553215,5433.980576,1341.095803
2689.718005,4797.899718,1560.670255
2689.857297,5428.182563,1342.856347
2692.454202,3759.901464,1744.442689
2693.323269,3740.463274,1750.169156
2693.571854,5373.919752,1359.714879
2693.642857,3747.717610,1746.768997
2695.948297,2093.245726,1952.910153
2699.036578,4886.851532,1554.770518
2699.293002,5378.071368,1356.812945
2702.679738,3269.743187,1860.973305
2708.200850,3252.720044,1868.147041
2709.227666,4879.818396,1558.118456
2709.392590,2677.248525,1863.144441
2710.624741,3775.747802,1738.434896
2710.805428,4789.429442,1577.984224
2710.987260,5437.194894,1333.889648
2712.562016,3767.843000,1740.780110
2712.962240,4795.164398,1557.845881
2712.996379,4022.003152,1705.817827
2713.766309,4831.326151,1552.509224
2715.269556,5321.113578,1383.179507
2718.563490,3687.566112,1780.981530
2720.169523,3758.649867,1735.522598
2720.622504,2303.925651,1910.026898
2722.277837,2423.002679,1889.983690
2724.156853,2358.986134,1902.356555
2724.879191,5419.608797,1337.566870
2725.640512,2323.679402,1909.468574
2727.422551,3561.741363,1809.613930
2730.826761,2673.626881,1851.586253
2732.248823,3948.399171,1710.333603
2734.828179,3997.791910,1706.624009
2736.576281,3759.672524,1731.825144
2737.649708,4869.689743,1543.472208
2741.571027,4853.621095,1524.581621
2743.192767,5368.545729,1328.765577
2744.420469,3255.410696,1846.455883
2744.539489,5341.519465,1333.105588
2744.700118,3314.505840,1834.720523
2752.563082,4844.958623,1550.386967
2754.300104,2483.838367,1887.364767
2754.964462,4039.770709,1700.197427
2755.267648,4006.706370,1697.282389
2756.018443,2471.170464,1875.979820
2756.289093,2510.730457,1867.566148
2756.355545,2400.789958,1890.690186
2759.617854,3999.645888,1702.678165
2761.352184,3260.412177,1841.254477
2761.665293,4046.830113,1694.755775
2763.617156,2591.730013,1863.035336
2765.572629,4006.958639,1696.367697
2765.589090,4835.933679,1551.579019
2766.653362,3299.263930,1831.929300
2768.563506,5194.788596,1376.181259
2769.888021,4845.470690,1519.476538
2770.919911,5313.272827,1348.979365
2773.657452,2619.009153,1860.446956
2773.983467,4032.937868,1694.302657
2775.513633,5301.741344,1347.513490
2777.423913,5333.957642,1342.916819
2778.919559,3998.900341,1703.270086
2779.582464,4954.568091,1461.218013
2782.555578,2761.082528,1843.233773
2783.009014,3284.413003,1825.357427
2783.088679,4031.115255,1693.838313
2785.366549,4022.366851,1695.445152
2786.106733,4027.148865,1691.914346
2788.023250,2833.391923,1835.468728
2790.533977,4517.173451,1542.575756
2791.786778,2787.784428,1835.649760
2791.927338,4716.674885,1514.087699
2794.980033,4029.045064,1691.682317
2795.579790,4860.120313,1513.009182
2796.213701,2230.291644,1926.378277
2796.227410,5311.372972,1307.553564
2797.446355,5113.993555,1382.675238
2800.723791,4988.472451,1457.826571
2801.668739,4073.971323,1671.353004
2802.601973,4949.358469,1447.124571
2804.991594,3339.205783,1825.186305
2805.007114,5300.597512,1335.720009
2805.084149,4017.290420,1695.239446
2805.125840,3322.635274,1824.395861
2806.403414,2759.058728,1840.752373
2808.499165,5292.325467,1332.594952
2809.397684,4044.483288,1680.913820
2810.452550,2801.249909,1830.736697
2810.782317,3285.759778,1823.744030
2810.973436,2735.767577,1838.488312
2811.824852,4083.836568,1663.443212
2811.935721,5277.779382,1363.954914
2813.646419,5263.541932,1350.402734
2814.806844,5280.251271,1319.237301
2815.380666,5159.982451,1362.313518
2816.442032,4094.115643,1662.299542
2820.188356,2668.854994,1849.877136
2821.609911,4868.959414,1474.581793
2822.541556,4574.906480,1535.581551
2824.043207,5257.540844,1333.554346
2824.092288,4989.093645,1427.961240
2824.356748,5235.645777,1336.190337
2824.387203,3329.739033,1813.033564
2824.846110,3262.987010,1818.557131
2825.237888,4019.053795,1687.985246
2825.265826,4069.196339,1676.939539
2825.526582,4076.361478,1662.563977
2826.669475,4057.610756,1678.172100
2827.636191,4677.298017,1510.406119
2829.003549,4042.183254,1686.280396
2830.619266,5288.154492,1316.250541
2831.656461,4043.310317,1670.461250
2831.668701,5207.994721,1343.809341
2835.696612,3300.349512,1814.106009
2836.453130,3445.052348,1782.090373
2838.550845,5195.800723,1339.214207
2845.028106,4981.099663,1435.253245
2846.388219,4932.532358,1471.735303
2850.421141,3400.841801,1794.625660
2851.045573,3361.764821,1802.406746
2851.057152,4491.450027,1547.419963
2851.218991,2300.429743,1918.881028
2851.499222,4502.193877,1535.988385
2852.130402,2933.630253,1829.822197
2852.523829,4725.769772,1498.782677
2852.814445,4865.168715,1486.721410
2853.031188,3441.819730,1775.380831
2853.994496,4791.134015,1473.086272
2854.076532,5106.052912,1400.370563
2856.705084,4032.885845,1673.364638
2857.527024,4890.680738,1469.731828
2858.726747,3435.151719,1776.071913
2858.896652,5141.743962,1373.789823
2859.401378,3453.957733,1770.273812
2860.761904,5247.340919,1334.787360
2861.790085,4886.777720,1466.455492
2863.031043,5270.349052,1326.309593
2863.134183,4065.360472,1666.944700
2863.503098,4941.576084,1454.340727
2863.564185,3059.698903,1811.484256
2864.920428,4635.782821,1534.655077
2866.312112,3387.642341,1801.924954
2867.894197,4791.234033,1472.779066
2868.816580,3341.782011,1798.279273
2869.171562,3269.506976,1809.305647
2869.878635,5002.602364,1427.325258
2870.228033,4711.729690,1507.603083
2871.011291,4779.864368,1476.365874
2871.180041,3400.520980,1795.608188
2872.624526,5097.753983,1411.041368
2873.468801,5070.722405,1397.431871
2875.263586,5023.773743,1411.207663
2876.200490,5094.497131,1394.782094
2877.201607,4735.726832,1476.518960
2877.761897,4597.361169,1529.654731
2878.224178,5112.599458,1379.722285
2880.855128,4947.956765,1453.931964
2881.815433,3392.307814,1795.209602
2882.818955,4935.528799,1447.323324
2883.192067,3444.004022,1772.735334
2883.478892,4859.580730,1462.841351
2885.454847,3431.947174,1777.018526
2886.467917,5053.206620,1397.798363
2889.322041,4897.757776,1462.496819
2890.507872,5044.031625,1388.623372
2891.451374,4911.792692,1445.546469
2895.822344,5022.045398,1403.241619
2902.403221,4701.731033,1487.425383
2905.158150,4624.436136,1525.347120
2909.214802,4638.782011,1511.036509
2909.223946,4874.786955,1444.694288
2910.352471,5056.488270,1373.696087
2910.996937,3400.826081,1781.485704
2913.824676,2977.963111,1806.206173
2914.910229,3393.895797,1783.720057
2915.386192,4863.657638,1451.687119
2917.193933,2312.945366,1903.678389
2918.166452,4995.001629,1410.747983
2920.073145,3408.870480,1780.752282
2920.525982,4851.936344,1469.247643
2922.425853,3481.314349,1755.353218
2923.861298,4820.786921,1460.314198
2923.885184,3417.526483,1771.228638
2924.985497,3406.874581,1760.701731
2925.827137,3033.584013,1802.484545
2927.564860,4745.508138,1454.007980
2932.147678,4872.372741,1431.869647
2935.758776,2391.240391,1897.261560
2938.299422,3397.368818,1781.872530
2946.836287,3171.193014,1800.492280
2949.166164,3523.256075,1735.472839
2949.959365,3434.445346,1758.229950
2952.759719,3507.258242,1732.966088
2956.291575,3093.178494,1792.638549
2958.550572,3483.978345,1750.417549
2958.903351,3396.659969,1769.060655
2961.552824,3043.517586,1793.560935
2963.025079,3500.371938,1741.969252
2965.092600,3401.982351,1766.927790
2969.133663,3067.449372,1785.723412
2970.538403,3468.934342,1732.073699
2973.002871,3500.124828,1729.564936
2974.098436,3520.295506,1723.954213
2978.616443,3460.025791,1744.444322
2983.458466,3388.882427,1758.728381
2983.479811,3520.130437,1726.682695
2992.393256,3541.166992,1714.186271
2998.253289,3453.267935,1741.359862
2998.743639,3500.867020,1729.503196
3002.576351,3460.083375,1730.706915
3003.643744,2447.265995,1881.091070
3004.650410,3278.299738,1784.876707
3004.764971,3456.716156,1740.922736
3007.553092,3462.783255,1723.289406
3012.901729,3449.506589,1742.096736
3013.446446,3393.584874,1747.940597
3014.754435,3510.719536,1718.030993
3018.614240,3451.517989,1739.418739
3020.719134,3418.568660,1740.292295
3024.535902,3562.508841,1683.871112
3024.981119,3523.836083,1709.245305
3025.720184,3218.198367,1783.488998
3026.520173,3256.565231,1781.962311
3029.885572,3560.842056,1706.734819
3031.637515,3633.131769,1666.348393
3032.487316,3552.730113,1706.758002
3033.996209,3170.577677,1778.208486
3038.675820,3507.569912,1709.813544
3039.192271,3397.565100,1743.044698
3040.805084,3495.426737,1722.634360
3041.426460,3594.340559,1660.255872
3041.896389,3582.073002,1669.967632
3042.266177,3446.221864,1736.622348
3043.539179,3580.219588,1669.356778
3043.576058,2441.465247,1863.044428
3045.969658,3482.321202,1719.993496
3048.030486,3574.170818,1672.513349
3050.898098,3433.145632,1736.723858
3051.375617,3447.915520,1731.741629
3054.564545,2428.810655,1867.327000
3059.652885,3622.382700,1654.933634
3059.746853,3333.748882,1770.545795
3064.018544,3387.490590,1737.410773
3065.927027,3658.004513,1654.072015
3067.298918,3446.378012,1732.448876
3069.759574,3305.031540,1770.059750
3070.687800,3412.633161,1730.328940
3078.915203,3288.737414,1776.518810
3080.123338,3390.566044,1720.689466
3082.795829,3602.816233,1650.757064
3083.195404,3657.884298,1641.925363
3084.417600,3554.834498,1692.584675
3087.420485,3362.095674,1757.569212
3089.589053,3566.258707,1680.783120
3092.860959,1769.506204,1870.722411
3094.774699,2476.755833,1841.037683
3095.244759,3324.915482,1759.746240
3096.085084,1712.510949,1867.077736
3100.506569,3277.868658,1755.592924
3101.750475,3593.368757,1649.459661
3102.351265,3411.473808,1718.726767
3102.411490,2020.630790,1853.829677
3103.713990,3654.733049,1628.118327
3104.812376,3448.154305,1708.030491
3105.855125,2468.558768,1853.204038
3107.251569,3744.944863,1577.287543
3108.896216,3215.534279,1761.004232
3109.987196,3559.347479,1683.881590
3111.351803,1848.137229,1866.953143
3111.819996,3519.122673,1686.357707
3112.363451,2091.126225,1848.920415
3115.336386,1924.653344,1861.181290
3115.576044,3552.408389,1661.468044
3115.977026,3712.494549,1610.878477
3119.596164,1932.235183,1856.972227
3121.134357,3660.425569,1611.887428
3121.260280,1687.952720,1857.308545
3121.302171,3383.394991,1748.695587
3124.266696,3337.039887,1753.770020
3124.820644,3387.434657,1736.141896
3126.270707,3351.458078,1749.867256
3127.660187,3326.481421,1749.502185
3128.400049,2036.068303,1844.412554
3128.618456,3506.798204,1670.272439
3128.682917,2001.216799,1854.434620
3128.832165,2503.560721,1839.453454
3128.995183,1852.310761,1854.579486
3129.465817,3510.167249,1668.017252
3130.237994,3701.229821,1604.646569
3132.330433,3762.200912,1572.832366
3132.680987,1651.954125,1855.651941
3133.435031,2470.179089,1842.795276
3133.653577,2015.741750,1847.835865
3134.549444,3351.170136,1731.702669
3135.110225,2488.787103,1840.591899
3137.522105,2002.591984,1844.632099
3139.216437,2476.556377,1837.680137
3140.390406,3331.884644,1742.719482
3142.636545,3349.788107,1738.453906
3142.802870,1988.615625,1847.035721
3143.579828,3400.025215,1706.283544
3143.630313,3768.513839,1571.766079
3144.517990,3690.504182,1601.293212
3144.852695,3742.108978,1575.707476
3146.825880,3579.331237,1658.984387
3148.953948,3335.899177,1741.219575
3149.315180,2510.468735,1831.812640
3156.634103,2448.933663,1836.942714
3158.291112,3542.932149,1635.978123
3158.819259,3708.854861,1597.735785
3159.237197,2465.072339,1831.788045
3164.762864,2461.035113,1830.742510
3165.436337,3674.530738,1592.771821
3167.896357,3808.175207,1564.991038
3172.364345,3346.793092,1738.525712
3172.809405,2464.249259,1830.288091
3173.781462,2313.019669,1830.396445
3174.356062,3733.453304,1575.865299
3174.830686,3385.664173,1726.515648
3180.850402,3702.784060,1590.469933
3184.957972,3764.762433,1567.160911
3186.062853,3414.647086,1704.884270
3191.175596,3758.381623,1573.070468
3192.442892,3390.270028,1703.567123
3202.935879,3703.352112,1583.719258
3207.084105,3340.679760,1711.884286
3209.382338,3347.394358,1708.220919
3209.679759,3323.745760,1710.143961
3213.728789,3680.754265,1583.510589
3217.734495,2621.807913,1829.791559
3218.552956,3727.536259,1572.731870
3222.189624,3723.581321,1563.399976
3223.031820,2530.185425,1826.147938
3223.941927,3771.276735,1560.084314
3224.153127,3707.179757,1555.283242
3231.504685,3337.894161,1710.017016
3233.031144,3317.661831,1704.322024
3234.961597,3366.669491,1696.384800
3238.397316,3705.315039,1558.826920
3238.621662,2636.474187,1823.655331
3239.999867,3318.471977,1703.871730
3242.919463,3338.451935,1693.187078
3243.929267,3322.375347,1698.683399
3250.557999,2633.342125,1818.492038
3252.536998,2620.734538,1823.476831
3254.336081,3294.588230,1698.843169
3254.405636,3714.968027,1549.546208
3264.018328,3345.301216,1679.620395
3265.873678,3339.648886,1688.630368
3265.896972,2605.568999,1812.409385
3272.198474,3322.363746,1687.200266
3275.850883,3280.935921,1686.551311
3279.260115,3321.232333,1683.925706
3291.124382,3313.013024,1684.028528
3294.570466,2651.915841,1809.850852
3297.810747,3302.160200,1675.246811
3298.469628,3262.649225,1672.381305
3299.659481,2695.122538,1795.783658
3301.235247,2681.639774,1790.105545
3304.767123,3317.033208,1670.100280
3307.596146,3322.382232,1668.507914
3310.571043,3318.089424,1666.635232
3311.684075,3277.155673,1671.739592
3316.273279,3318.787398,1661.480461
3322.144056,3297.615733,1667.503897
3326.485963,2518.947018,1774.538179
3329.248833,2540.615241,1770.028123
3336.096939,4289.436907,1109.878802
3337.111288,3302.933778,1663.586553
3350.648847,3311.204794,1655.018785
3357.841788,2529.284857,1659.130117
3358.623734,3182.856598,1641.174416
3359.669185,2318.132336,1662.987993
3363.491767,2450.639588,1656.284411
3368.607288,4201.157687,1120.253327
3370.565982,2560.612534,1655.992766
3382.088821,4224.053895,1093.418059
3384.679851,3212.572451,1640.746260
3386.895904,4226.812092,1078.064320
3388.770950,2443.955201,1651.384023
3389.658825,2372.793285,1652.271411
3389.919752,2523.743328,1649.545949
3390.205739,3238.657701,1639.714768
3391.037845,4207.841364,1117.378310
3392.930296,4216.682664,1104.735782
3394.226608,4205.573776,1110.294789
3395.496683,2331.114813,1657.308685
3396.227301,3090.773392,1561.240485
3398.794969,2446.457016,1650.391365
3407.379100,2593.244547,1643.020626
3410.715833,2451.899712,1641.606220
3416.018744,4027.080411,1253.885636
3421.691272,3126.511497,1559.266901
3424.791481,2332.398047,1656.539093
3425.783869,1634.833135,1802.447587
3430.147972,4121.138410,1226.531266
3438.086108,2626.871125,1635.051710
3439.005937,1651.779714,1797.435997
3441.601762,4091.695759,1233.043915
3442.567691,1636.851290,1793.042675
3443.049751,2310.282498,1655.731806
3446.109449,3159.246387,1550.189170
3448.410734,1683.861908,1780.141867
3451.793702,4199.734195,1197.790757
3452.082771,2576.929419,1624.210177
3454.786820,3197.261875,1547.588005
3456.239284,2576.216201,1621.408351
3456.434255,3218.671257,1544.039506
3462.245068,2559.634161,1630.979751
3463.680237,3217.242984,1543.814808
3468.365919,4149.265545,1214.065836
3468.427805,4085.959071,1222.549718
3472.525907,2497.367902,1617.241844
3473.940793,4020.877873,1221.327294
3475.003176,4048.237028,1212.112209
3477.848819,3488.148354,1234.592082
3478.630431,3493.444890,1232.313710
3485.680965,4163.414542,1211.465185
3487.415343,4075.627155,1180.136220
3488.288182,4165.032912,1162.378738
3488.350119,4017.503747,1231.174186
3493.227704,4047.846464,1221.088245
3494.814023,2505.279990,1607.774711
3496.243983,4038.355165,1204.502526
3496.664800,4008.613402,1207.904879
3497.297618,3548.386384,1212.215478
3499.743652,4164.316762,1164.027893
3500.543148,4100.656440,1131.273138
3501.294514,1733.309302,1766.690842
3502.200273,3432.907600,1229.797911
3505.708845,3266.336342,1533.397376
3508.356150,4111.098968,1125.861460
3509.430437,3527.745276,1219.863531
3510.181326,3504.631731,1222.006150
3510.242850,4017.455419,1203.779650
3510.408665,3259.109463,1521.499725
3511.148271,3546.762978,1203.333225
3511.894306,3524.618439,1219.772807
3512.755238,2621.394327,1580.490074
3513.577854,2507.593784,1595.721557
3519.551102,1764.047964,1757.787200
3522.728288,2604.253018,1582.679357
3525.485239,2625.649837,1574.873428
3526.435396,3187.588946,1516.718982
3527.482028,1757.619105,1744.026143
3529.786438,2593.665755,1584.236804
3532.594316,4081.173099,1177.722886
3536.339260,4038.526696,1202.455435
3536.616337,3164.675610,1512.628947
3536.900318,2604.522764,1570.917512
3542.208383,2558.365804,1573.895570
3542.210167,2558.108361,1574.130948
3543.086760,2566.894566,1570.533299
3544.929130,3417.435139,1228.066355
3545.441348,3536.349707,1186.269125
3546.466593,3498.752864,1226.553150
3547.402430,3643.900497,1182.769327
3548.529177,3276.105383,1511.963092
3549.034434,3503.279498,1218.315906
3550.984207,3472.937875,1215.372877
3556.402789,4039.482730,1177.681264
3556.516204,1779.685099,1736.580332
3558.124488,2524.257938,1583.723705
3560.863293,4019.454082,1166.782148
3564.718365,3464.814791,1222.129841
3567.687642,2276.239329,1629.926446
3567.708100,3534.611040,1184.361502
3568.532886,3465.721368,1211.324191
3572.149341,3399.552366,1218.576547
3576.348283,3722.508366,1159.796231
3576.394177,3726.003004,1150.068443
3576.637788,2319.525049,1619.573728
3577.619293,3977.226351,1128.262062
3578.570031,3472.561869,1201.940409
3579.052261,3491.550538,1196.074653
3579.585608,2206.612168,1638.817368
3580.825065,3354.228518,1251.978386
3581.612334,1867.088944,1731.868875
3582.118796,2310.645617,1603.583848
3583.205547,2348.780238,1601.515620
3583.279708,3967.645976,1131.863333
3583.346959,3763.990640,1136.010899
3583.889024,3475.566549,1201.020834
3583.924746,3509.745217,1187.014960
3585.069383,3387.064621,1245.836655
3585.227819,2033.935931,1624.705476
3586.537405,3538.611739,1175.410334
3589.304742,3413.195451,1198.436838
3590.488253,3532.383940,1173.050160
3591.077094,3699.935506,1140.276619
3592.851195,3319.091464,1438.971183
3593.998918,3296.828492,1484.759250
3595.602385,3372.558261,1237.974028
3595.971172,3512.097438,1182.756655
3597.322812,3252.317597,1504.520936
3598.409787,3747.155789,1138.671683
3600.679376,2529.827977,1579.534239
3600.697554,3530.491294,1178.520003
3602.236068,3498.044007,1170.856207
3602.483014,3299.492451,1478.624562
3602.983263,3391.333762,1223.111082
3603.117420,3714.393698,1120.309316
3604.294384,2513.145267,1586.709385
3604.912608,3261.441698,1484.024125
3605.962018,3475.097378,1198.433586
3611.082933,3556.320574,1168.209418
3612.822740,2498.045376,1593.316928
3614.339346,3698.653247,1149.432697
3615.132386,3440.278755,1196.926598
3615.463246,1885.158431,1723.531232
3616.906145,3357.264187,1214.410373
3617.901174,3464.247057,1178.025471
3621.104817,3659.190202,1120.905800
3621.661238,2077.722382,1619.024445
3625.099471,3503.847583,1168.006413
3625.313995,1967.906787,1627.167346
3626.121436,2124.309898,1604.827516
3630.213604,3257.791805,1483.449843
3632.838131,2367.805698,1597.923739
3634.674616,3634.491556,1122.511296
3636.061433,3354.172434,1430.986269
3637.125364,3316.250002,1442.344067
3643.678865,3244.983530,1450.483857
3643.683715,3335.034059,1432.552496
3644.910877,3225.892920,1464.223943
3645.639088,3580.778938,1137.874660
3646.925461,3142.267265,1456.089161
3648.566548,2613.465831,1570.267681
3649.852874,3238.477816,1430.556674
3651.957077,2975.932420,1462.953746
3653.984579,1860.164616,1674.798232
3654.992995,3311.456770,1411.901454
3655.897616,3122.127744,1456.030631
3658.478458,3217.407133,1450.760286
3666.399514,3235.772474,1445.378487
3669.309779,3139.022147,1439.415105
3669.584816,1809.857423,1664.906701
3669.927812,3031.124532,1449.216598
3671.488013,3338.974846,1382.486941
3672.883386,1949.213097,1656.033396
3685.045370,2925.414848,1495.815555
3686.324157,3354.038233,1372.795199
3686.442461,2642.755254,1566.532966
3687.166034,3230.326009,1438.828534
3687.400272,1965.647155,1635.366273
3687.889438,3284.832708,1370.463955
3688.219053,2751.593478,1562.773682
3688.486545,2620.345925,1555.340614
3689.038254,2595.209649,1550.901358
3689.474421,3165.482445,1421.117252
3690.295073,2522.834998,1540.038749
3691.221399,1961.031448,1656.027255
3691.417993,3122.666342,1444.434349
3691.930251,1948.895430,1639.476139
3696.375826,3219.970596,1376.005926
3696.511910,3022.238558,1447.443047
3700.661813,1905.053925,1650.468510
3701.620558,2822.920105,1514.364546
3703.886991,1954.573613,1629.846902
3705.337800,2719.304122,1534.518299
3705.798197,1917.397678,1639.073978
3706.027451,2890.974123,1512.571801
3706.393898,1560.714948,1656.406366
3708.538044,3133.449931,1434.126819
3712.498085,1567.559928,1645.168641
3715.115431,3223.968661,1374.907250
3716.114048,2746.479042,1531.564486
3718.871872,1549.954381,1641.173913
3720.799162,3305.721730,1363.610258
3721.650597,2881.493207,1482.966345
3723.844604,2878.454159,1485.172982
3724.663591,2808.679031,1521.879650
3727.311613,3082.965410,1438.066636
3731.049792,1976.606132,1625.768428
3733.138522,1923.551976,1626.113176
3733.692114,3245.721176,1367.186382
3740.704174,2938.201054,1463.574455
3740.883921,2685.792190,1532.120975
3740.964994,2788.067682,1508.573723
3742.525551,3153.788694,1425.768068
3743.678283,3279.749864,1366.091227
3748.962920,3253.710161,1366.854624
3751.516408,2724.008142,1519.708531
3751.976695,2919.501282,1454.544054
3752.427735,3019.610660,1420.651385
3753.899719,3102.041190,1418.391913
3754.435511,2722.088765,1515.913886
3755.925964,1586.982093,1633.295866
3758.665208,2870.959568,1453.616633
3758.778631,2855.917360,1496.491723
3758.912905,1543.810206,1608.905974
3767.239635,3193.802433,1378.275507
3767.473299,2919.588084,1435.778605
3769.171735,1278.484088,1546.530228
3772.665246,2991.868283,1429.437413
3774.886642,2802.673884,1477.809313
3775.105731,2866.392644,1473.057594
3775.541568,2785.980797,1514.896440
3778.236596,2893.544615,1453.141041
3779.810925,3149.175003,1417.916696
3786.069143,2823.450344,1467.375307
3788.590281,3174.972290,1412.315000
3791.468117,1427.655459,1541.947717
3794.561543,1277.082270,1558.434587
3795.290664,2992.473922,1407.597234
3797.849787,1314.735190,1520.028312
3799.225267,1434.060390,1506.170219
3800.526102,2735.481495,1488.385821
3804.418982,3075.030229,1369.532360
3805.689500,1061.852534,1541.942450
3807.844659,1309.815203,1514.543751
3808.437003,2817.568840,1477.712580
3808.987938,3002.908210,1401.329123
3809.821052,2762.862531,1468.092121
3810.686760,3022.359942,1394.318919
3811.174561,1378.174511,1504.430375
3812.557751,1151.313304,1513.336722
3813.464149,1396.408354,1497.718545
3814.265809,2925.760224,1435.718514
3815.382172,1400.589997,1492.448572
3815.653119,1222.418785,1496.677113
3815.842562,3064.297680,1356.340395
3816.019624,3048.057939,1370.480284
3816.240815,1161.524788,1508.358039
3817.235911,3036.657102,1369.858358
3824.095685,3073.017812,1346.781287
3826.226596,1871.420297,1483.522472
3828.064340,1853.282487,1474.461306
3828.210174,2851.755223,1427.976880
3830.840728,1113.269542,1500.881866
3835.072665,1608.352005,1476.554817
3835.579976,2953.680185,1419.897027
3837.481019,1857.027728,1464.118391
3839.878884,1690.014065,1470.849785
3843.077406,2937.622791,1402.784999
3844.273656,1663.821694,1468.113974
3844.680351,3046.421032,1343.930999
3844.824897,1504.941068,1476.442314
3845.560207,2966.426202,1383.837465
3848.037279,1678.948388,1466.450188
3849.401331,2822.468297,1411.995023
3849.834986,2854.783231,1392.956023
3851.073308,2851.815467,1395.788513
3851.076745,2780.891491,1397.266018
3851.750835,1446.321521,1463.910485
3853.158527,1251.216000,1466.428090
3854.667678,1174.279823,1473.812659
3856.796788,2805.777704,1388.333037
3857.255478,1598.257964,1459.603618
3858.360581,1460.081196,1454.852379
3858.815244,3078.756632,1342.715226
3859.778817,1440.612190,1460.911433
3861.038668,3071.826852,1340.436795
3861.438555,2979.388318,1363.456475
3863.084917,2901.206264,1385.741378
3863.740237,2589.460082,1438.914103
3866.509878,2614.830927,1434.737028
3866.658815,2155.992067,1449.541856
3867.697799,1454.120322,1459.186944
3868.360342,2771.973433,1388.483866
3868.713517,1228.113803,1465.881879
3869.237277,1501.232914,1441.303336
3870.476758,2971.843352,1353.471341
3871.134611,2583.593702,1432.520315
3871.382394,2583.414475,1436.412466
3871.870274,2618.259167,1432.197954
3874.081789,2948.186743,1383.681794
3875.848333,2555.983777,1426.390593
3879.394418,2183.785502,1435.655501
3881.889684,2990.168085,1344.438178
3884.192047,1097.520003,1431.440200
3886.486947,1096.467261,1432.644089
3888.922919,2540.750744,1430.340118
3891.826401,2560.243705,1402.842964
3894.184614,2552.674397,1429.428770
3895.467872,2552.057748,1420.130702
3898.253280,2736.923497,1369.213339
3901.675468,2518.565144,1429.250174
3905.182625,2691.971651,1376.109635
3905.499159,2693.788759,1375.724074
3910.731937,2689.978731,1378.877566
3913.529496,2452.078042,1410.996463
3917.432596,2494.821386,1356.997493
3917.866835,2789.618594,1356.896017
3920.333520,2374.560387,1386.744016
3924.588227,2490.566363,1386.378192
3925.214457,2837.667479,1339.630260
3926.262337,2834.399739,1323.718155
3928.695061,2441.074784,1352.366359
3929.542421,2803.756159,1345.002405
3931.426819,2422.819280,1357.724709
3932.681152,2433.643440,1354.322468
3932.836291,2323.890311,1370.854426
3935.781244,2301.681596,1356.814674
3937.010697,2790.384011,1334.251661
3941.483054,2760.108156,1348.769167
3942.068294,2296.238765,1355.147680
3942.489141,2765.025561,1333.917500
3942.693770,2236.170687,1340.322260
3949.520910,2910.094038,1221.302583
3951.748187,1640.181033,1366.280467
3952.721986,1625.987609,1359.708325
3954.395131,1719.722343,1344.553385
3956.402745,1613.765488,1369.896225
3957.521288,2662.554030,1236.362492
3960.462422,1637.213362,1352.323245
3961.325144,1719.435521,1351.992631
3961.456372,1685.059192,1344.570844
3964.988376,2914.276512,1219.255242
3967.089942,1696.616076,1335.063677
3967.641163,1594.688412,1337.119574
3973.143149,2812.541455,1218.504037
3974.599096,2377.190699,1291.218705
3975.625432,1903.388353,1314.004785
3975.720664,2897.206401,1195.904219
3975.764884,1672.595959,1334.404755
3975.968975,2389.039297,1242.209675
3977.507151,1774.502277,1329.691075
3979.686040,1698.475779,1325.443834
3979.900044,2332.867351,1265.418458
3979.961250,1809.222098,1322.081147
3980.277010,2776.806331,1231.442095
3981.546985,1842.473602,1312.700035
3982.178870,2082.633587,1304.393264
3982.770289,2664.014134,1221.133748
3983.133470,2406.421582,1239.639793
3983.459617,2810.322041,1205.920167
3984.485655,1958.822228,1301.447042
3985.707286,2325.463820,1281.732600
3987.181789,2842.636338,1195.218956
3987.874597,2496.477064,1222.389280
3988.526862,1910.770643,1295.691701
3988.531957,2857.376150,1180.665656
3988.776961,2279.336834,1295.688552
3988.931725,2420.573207,1231.868514
3989.526360,2309.600701,1278.918511
3989.616209,2344.858873,1237.234636
3991.046619,1951.334777,1294.402773
3991.218165,2424.245447,1229.350096
3991.570673,1657.362032,1303.192257
3991.942972,2856.044777,1181.383374
3991.948659,1894.564115,1301.783782
3992.251878,2324.575960,1240.721660
3992.524776,2277.426580,1275.231683
3992.962600,2276.508279,1282.595553
3993.559605,2535.728680,1206.571810
3996.144687,1953.201237,1293.956822
3996.449098,2195.991848,1284.180178
3996.819828,2412.868701,1226.330003
3996.873721,2170.000017,1272.678585
3997.559996,2137.335269,1276.149658
3997.719567,2401.666092,1221.913938
3999.226648,2516.977942,1189.649471
4000.623612,2190.025794,1229.211186
4003.021211,2093.079261,1283.318869
4011.301951,2089.598838,1286.547970
4012.049294,2392.649734,1204.509654
4018.871310,1846.913457,1258.373070
4030.629258,1880.992112,1255.440499
4032.531922,1775.745550,1237.095805
4044.471636,1602.670063,1215.543418
4045.935882,1622.770059,1178.714727
4055.401723,1601.324145,1188.649033
4055.762169,1453.945915,1163.096436
4055.916466,1610.436588,1092.191460
4057.474123,1572.130775,1104.667576
4058.909395,1481.595355,1149.161566
4065.080420,1529.787332,1094.451757
4071.104015,1588.895331,1092.454440
4075.166024,1412.047401,1039.555760
4076.300076,1434.202793,1033.552187
