48
0.000000,1.000000;0.000000,150.000000;-1
0.242536,0.970143;0.000000,150.000000;-1
0.554700,0.832050;0.000000,150.000000;-1
0.832050,0.554700;0.000000,150.000000;-1
0.970143,0.242536;0.000000,150.000000;-1
1.000000,0.000000;0.000000,150.000000;-1
0.000000,1.000000;-15.153188,138.008418;0
0.000000,1.000000;-7.315590,149.224152;6
0.000000,1.000000;-6.646384,149.859017;7
0.000000,1.000000;-6.260689,149.905659;8
0.242536,0.970143;29.616107,144.762135;1
0.242536,0.970143;38.334989,147.926247;10
0.242536,0.970143;38.025871,148.752256;11
0.242536,0.970143;39.909200,148.850968;12
0.554700,0.832050;42.681685,146.273692;2
0.554700,0.832050;114.610824,124.217145;14
0.554700,0.832050;138.594956,118.445780;15
0.554700,0.832050;119.967639,127.960370;16
0.832050,0.554700;24.037388,124.832900;3
0.832050,0.554700;45.019978,100.168086;18
0.832050,0.554700;53.638410,138.971199;19
0.832050,0.554700;66.914810,141.199428;20
0.970143,0.242536;32.849396,88.372274;4
0.970143,0.242536;51.363039,89.784876;22
0.970143,0.242536;133.995300,84.677746;23
0.970143,0.242536;247.956946,29.589646;24
1.000000,0.000000;32.072131,105.869763;5
1.000000,0.000000;42.263017,85.388653;26
1.000000,0.000000;65.553948,123.815218;27
1.000000,0.000000;182.795500,44.228640;28
0.896410,0.443227;142.916512,102.969312;16
0.980581,0.196116;146.347688,93.313094;16
0.514496,0.857493;224.680948,76.273533;25
0.980581,0.196116;156.297001,107.055308;17
0.896410,0.443227;158.979719,111.912285;17
0.707107,0.707107;66.387078,138.485486;27
0.874313,0.485363;255.489171,29.982583;25
0.016820,0.999859;136.343089,134.182959;32
0.718900,0.695113;249.112960,38.897645;25
0.196116,0.980581;42.370081,148.475776;19
0.970143,0.242536;251.074975,41.131677;32
0.718900,0.695113;235.325212,70.221430;32
0.980581,0.196116;160.336644,82.166015;31
0.514496,0.857493;180.370971,118.873795;37
0.514496,0.857493;208.246399,99.207490;41
0.196116,0.980581;42.187818,149.442115;39
0.718900,0.695113;192.756661,109.468990;37
0.514496,0.857493;228.408069,75.454328;40
56
45
39
14
21
37
43
46
44
32
47
41
40
36
10
18
12
13
13
45
39
14
14
22
20
19
21
21
27
28
23
17
17
37
37
16
16
34
34
33
43
31
24
46
42
44
47
32
41
41
29
29
40
40
38
36
36
