494.473222,237.367103,2498.225888
498.522749,232.391605,2499.621981
502.455946,240.359967,2498.014157
506.255809,229.615310,2499.707525
508.056613,234.561397,2498.136877
514.938630,218.650860,2496.950402
515.420287,211.098030,2499.411709
516.536965,187.785570,2496.428033
517.417525,181.911130,2496.615199
518.959306,173.669419,2496.647010
521.377490,170.744500,2495.683474
525.284620,178.099831,2495.467713
525.887352,167.360560,2498.682927
526.042418,136.724418,2496.527186
527.430865,125.028188,2496.206910
527.937903,115.880140,2496.561359
528.628061,117.468972,2496.082252
530.768045,182.992148,2479.986000
530.994621,107.345463,2497.201512
531.297240,93.062245,2496.263512
532.167371,87.499313,2496.308892
532.554468,85.736088,2496.422726
533.275215,135.649371,2487.147529
534.560991,91.461113,2493.912634
536.683602,88.399171,2494.429557
537.005704,87.160444,2494.415404
539.454593,85.619385,2497.288059
539.484920,64.286054,2494.487238
540.411925,56.436285,2494.477660
540.604039,53.201584,2494.625445
540.624480,54.698423,2494.410697
540.639837,52.081311,2494.599353
541.308583,47.243475,2494.743774
541.380577,45.322587,2494.684955
541.392338,49.292801,2494.577174
541.698124,36.808038,2494.701887
541.824967,44.652006,2494.693308
541.888859,36.439700,2494.650271
542.301430,30.764627,2494.510400
542.342948,24.557163,2494.371761
542.367440,25.783830,2493.914210
542.468592,23.937695,2494.084821
542.503803,25.234754,2493.922184
551.698489,257.489063,2385.277430
554.318455,293.216565,2376.581273
566.479461,305.337908,2368.582036
653.756430,432.099046,2363.009832
676.523539,496.871680,2347.115176
681.827770,465.866719,2351.793004
697.058680,515.643753,2339.236425
725.810428,635.082184,2330.849775
732.471761,634.689197,2328.768265
737.693319,640.303749,2326.843550
739.231857,625.429674,2339.098314
742.734171,629.360077,2338.171206
747.999774,622.190490,2327.141944
752.677944,651.630736,2323.435043
760.569215,675.295665,2321.707397
761.487482,675.165067,2319.429834
763.089554,684.890466,2319.058742
766.197622,683.577552,2319.065586
772.942293,671.947708,2323.215684
777.212686,678.541517,2318.934938
786.892442,656.041135,2301.158335
789.375145,642.613451,2307.302920
802.693471,652.843768,2303.742041
813.316885,665.718464,2297.717844
832.802477,680.558339,2297.580602
891.053244,757.887309,2294.070583
908.291870,824.033050,2278.436872
911.230691,783.430261,2286.286076
932.615415,837.276644,2276.985575
935.292770,874.830635,2266.187773
954.721132,894.954495,2261.521351
961.310175,896.773656,2258.492392
997.222978,868.393228,2262.714727
1002.610214,906.392206,2252.517732
1019.158287,933.057276,2244.718211
1050.030559,953.918218,2240.383483
1061.209826,954.056717,2236.146092
1080.880509,1046.769869,2193.540133
1117.727997,992.756558,2219.967556
1257.185652,1211.922812,2183.312941
1350.809835,1331.555866,2176.976568
1420.548553,1366.540387,2158.985971
1436.762670,1431.841415,2157.282191
1444.034066,1363.542881,2149.315217
1515.018051,1459.927842,2140.051427
1645.166425,1597.780783,2136.947503
1738.938138,1697.963854,2121.669312
1752.816545,1794.137095,2116.133831
1813.758792,1861.548943,2099.928100
1833.518829,1932.549830,2099.320411
1893.568879,1987.580518,2085.060662
1926.088311,2091.324836,2062.572066
1944.929748,4087.774325,1668.598979
1956.705859,3332.552784,1860.366258
1964.603948,3357.892758,1854.848898
1980.537764,3469.913922,1842.698732
1981.315309,3385.026888,1850.274872
2001.452604,3564.644870,1824.656611
2011.645101,3388.056986,1840.743700
2017.994343,2266.717630,2024.053986
2019.383763,2242.660878,2022.677828
2024.952709,3523.110814,1837.342324
2034.246975,3460.128372,1836.130208
2041.532827,3599.960070,1822.036624
2046.486165,3482.324048,1830.497829
2050.860966,3527.460062,1830.278141
2055.652208,3626.498531,1817.549468
2059.216350,3510.667089,1824.263008
2067.021970,3636.407265,1813.630101
2068.116756,4041.040789,1677.535347
2068.265239,2166.117810,2059.859836
2083.292000,3508.922548,1824.585905
2099.746709,2205.511526,2048.777910
2105.682070,3676.116326,1808.524639
2125.326110,3691.734685,1800.887465
2174.221258,2743.167242,2018.193887
2175.874591,2737.019051,2017.536746
2184.077729,3684.162660,1804.540881
2184.453726,2668.081258,2018.507363
2190.985389,3671.519717,1803.104285
2191.930161,3671.053910,1803.643425
2194.804035,2802.514260,2014.433356
2196.601020,2824.635199,2012.456289
2197.173276,2654.240720,2017.029028
2197.311697,3696.350316,1794.673116
2202.312260,2790.295071,2014.703850
2219.678730,2651.724001,2015.811557
2221.174980,2794.364647,2009.500354
2223.341791,3738.307660,1792.644548
2227.348799,2843.553508,2003.877534
2230.777973,3710.636952,1793.207889
2231.639211,2613.918907,2013.588117
2242.205321,3788.629165,1780.580036
2248.147832,2829.451228,2005.116642
2248.186504,3756.267850,1779.304284
2251.853381,2671.163940,2011.380131
2257.654561,3810.488485,1778.310610
2263.161799,2908.937667,1993.338272
2265.551405,2845.900613,2001.841900
2280.402178,2946.195715,1988.892545
2284.035575,1551.672749,1999.607392
2288.401609,3821.950256,1776.339858
2290.368300,1837.332821,1987.342880
2302.147813,3857.267345,1766.245801
2311.831264,2982.007175,1980.939712
2324.292906,3884.435797,1758.425296
2341.282341,3903.913175,1748.309175
2347.097432,3885.919572,1757.963969
2353.964068,3872.173067,1753.256684
2354.347982,3895.173473,1750.726502
2355.738709,4507.175938,1628.799553
2358.995622,4780.985702,1551.209938
2360.771099,3886.288606,1748.780936
2360.860630,4652.003173,1586.754037
2362.380347,4719.618164,1564.070480
2363.697518,1769.759001,1967.363540
2364.914745,4824.476914,1544.287859
2366.575931,5008.077176,1495.884985
2368.925847,3882.143702,1743.149043
2370.123618,4674.639916,1573.280949
2371.060059,4460.848043,1629.837298
2375.521627,4426.408411,1635.721445
2381.028191,4575.155287,1596.274904
2381.168258,4758.552897,1544.957600
2383.145204,4423.519302,1631.936600
2389.672786,4997.104726,1502.506907
2390.458935,3039.895257,1963.575417
2393.451037,4696.235919,1572.724997
2398.196120,3905.992697,1742.268557
2401.242923,4933.878550,1510.123818
2406.124415,4852.919966,1531.319099
2406.176092,3089.861859,1946.305174
2406.367032,3906.434598,1742.250496
2412.562124,4617.436407,1586.324137
2413.380987,3085.747885,1950.156233
2413.971393,3055.570243,1956.427917
2419.154381,3040.147706,1960.334830
2419.700891,4913.282172,1525.290935
2419.946954,4624.121690,1576.889071
2421.351018,3071.922934,1945.572046
2426.910547,3944.275313,1735.306865
2429.255680,4381.791360,1662.487462
2429.439570,1995.937501,1947.345716
2435.981020,3938.816903,1726.313768
2437.520711,3898.287158,1736.326559
2438.368938,3102.071779,1938.027727
2439.359081,4723.249316,1551.106952
2440.184893,4341.889824,1632.101490
2441.836327,1592.781128,1960.239868
2443.191993,3922.529168,1733.179316
2449.211334,3932.974293,1724.057374
2454.201635,4871.123800,1522.287620
2455.661863,4216.250877,1612.342379
2456.273187,4200.768042,1643.419337
2457.961965,3947.045273,1721.026197
2458.070217,3088.395679,1945.141452
2459.774316,4984.046079,1491.833530
2469.884012,3924.639031,1731.282589
2488.470597,4865.640275,1517.046897
2489.281292,4830.979744,1530.832608
2490.219938,3122.070274,1927.408777
2493.655096,5057.739710,1483.768216
2497.763669,4161.058258,1578.554607
2499.946835,3079.092499,1931.545726
2501.856317,3179.878165,1926.880581
2504.888108,5144.932096,1464.182023
2506.395790,5100.946347,1480.629862
2506.443783,4914.346832,1513.463004
2507.361979,3148.911453,1917.203323
2528.446657,4166.209385,1555.863906
2529.901779,4115.235674,1555.601843
2533.490428,5151.826281,1459.698470
2534.305363,3952.097012,1720.915364
2543.498172,3200.254165,1913.294380
2549.804895,5133.275262,1472.279875
2554.298832,5072.284412,1474.714956
2559.048343,4983.374397,1504.376569
2564.270954,3229.698126,1902.301550
2567.496938,2150.236603,1921.255153
2571.914328,3999.365244,1712.044014
2589.110159,5136.938900,1455.428022
2596.431011,5147.866348,1453.745295
2598.397230,3228.263341,1897.575730
2603.185576,3990.391592,1714.326976
2605.396999,4005.087044,1711.820782
2607.057467,5129.042279,1453.852828
2617.351094,3980.077919,1715.804632
2617.701526,5128.391560,1463.750232
2617.774562,2148.698357,1909.615068
2620.154183,4007.753788,1709.963236
2625.037700,3985.185173,1711.070412
2625.372096,2174.709100,1904.403387
2631.310089,5164.011823,1450.057695
2631.677374,2147.646635,1894.337387
2632.013858,5106.758678,1449.715177
2637.344293,4012.620105,1706.975290
2641.736148,3271.719398,1878.465580
2650.344498,3246.570932,1883.715702
2653.251028,3248.207821,1879.285501
2671.560896,4025.265269,1701.409082
2675.916864,3280.657161,1869.161390
2683.865525,2181.905567,1888.589809
2699.476211,2203.600219,1877.703948
2702.679738,3269.743187,1860.973305
2703.157525,2170.832232,1883.571473
2708.200850,3252.720044,1868.147041
2710.446847,3996.428609,1692.391223
2711.034844,4019.552789,1685.723502
2744.420469,3255.410696,1846.455883
2744.700118,3314.505840,1834.720523
2751.443782,2238.805739,1873.906411
2752.255345,2227.010513,1873.074928
2754.716712,2222.875554,1873.750616
2761.352184,3260.412177,1841.254477
2766.653362,3299.263930,1831.929300
2768.454935,2228.411931,1871.932300
2783.009014,3284.413003,1825.357427
2795.096804,2245.739502,1854.798342
2804.991594,3339.205783,1825.186305
2805.125840,3322.635274,1824.395861
2810.782317,3285.759778,1823.744030
2824.387203,3329.739033,1813.033564
2824.846110,3262.987010,1818.557131
2835.696612,3300.349512,1814.106009
2836.453130,3445.052348,1782.090373
2850.421141,3400.841801,1794.625660
2851.045573,3361.764821,1802.406746
2853.031188,3441.819730,1775.380831
2858.726747,3435.151719,1776.071913
2859.401378,3453.957733,1770.273812
2866.312112,3387.642341,1801.924954
2868.816580,3341.782011,1798.279273
2869.171562,3269.506976,1809.305647
2871.180041,3400.520980,1795.608188
2881.815433,3392.307814,1795.209602
2883.192067,3444.004022,1772.735334
2885.454847,3431.947174,1777.018526
2910.996937,3400.826081,1781.485704
2914.910229,3393.895797,1783.720057
2920.073145,3408.870480,1780.752282
2922.425853,3481.314349,1755.353218
2923.885184,3417.526483,1771.228638
2924.985497,3406.874581,1760.701731
2931.576336,3487.220865,1741.223510
2938.299422,3397.368818,1781.872530
2949.959365,3434.445346,1758.229950
2958.550572,3483.978345,1750.417549
2958.903351,3396.659969,1769.060655
2965.092600,3401.982351,1766.927790
2970.538403,3468.934342,1732.073699
2978.616443,3460.025791,1744.444322
2983.458466,3388.882427,1758.728381
2996.978500,3471.839868,1728.073146
2998.253289,3453.267935,1741.359862
3001.119069,3454.164290,1735.591539
3002.576351,3460.083375,1730.706915
3013.446446,3393.584874,1747.940597
3018.614240,3451.517989,1739.418739
3020.719134,3418.568660,1740.292295
3030.834523,3430.591639,1728.726345
3032.611445,2432.065324,1853.483999
3039.192271,3397.565100,1743.044698
3046.004025,3421.943627,1735.996517
3052.320447,3436.077254,1722.957646
3056.737604,3442.457059,1719.239137
3064.018544,3387.490590,1737.410773
3087.420485,3362.095674,1757.569212
3094.774699,2476.755833,1841.037683
3100.450803,2461.111822,1850.370549
3104.812376,3448.154305,1708.030491
3121.302171,3383.394991,1748.695587
3124.820644,3387.434657,1736.141896
3126.270707,3351.458078,1749.867256
3128.832165,2503.560721,1839.453454
3133.435031,2470.179089,1842.795276
3135.110225,2488.787103,1840.591899
3139.216437,2476.556377,1837.680137
3140.390406,3331.884644,1742.719482
3142.636545,3349.788107,1738.453906
3144.651117,2431.918964,1833.933127
3148.953948,3335.899177,1741.219575
3149.315180,2510.468735,1831.812640
3172.364345,3346.793092,1738.525712
3174.830686,3385.664173,1726.515648
3185.181862,2511.218727,1820.908016
3187.859015,2949.249780,1491.806914
3197.874619,3075.186933,1431.200083
3200.264797,2994.930686,1474.218738
3208.769122,2933.136472,1485.486733
3229.897922,2537.782530,1808.987398
3231.579585,2518.970809,1812.623010
3231.874535,3068.114112,1445.937830
3234.744285,3103.738480,1417.150261
3242.871489,2897.616005,1453.378572
3243.158630,3148.808882,1385.602803
3255.143657,3031.483613,1437.555743
3255.624868,2530.216114,1793.275888
3261.060539,3150.684441,1371.036838
3261.166601,3114.850575,1405.624409
3266.071337,3132.066225,1382.580502
3276.408257,3041.811505,1413.184990
3280.860144,3097.954924,1399.838269
3282.418845,3160.617614,1369.004964
3286.080008,3003.143399,1442.314911
3295.394693,2514.745581,1788.149131
3300.527847,2512.455836,1774.684672
3302.205288,3198.370501,1367.763241
3305.984841,2925.685954,1413.914659
3309.070399,2572.368973,1670.772810
3314.813165,2553.267442,1665.827075
3325.917081,3249.292714,1349.157419
3326.485963,2518.947018,1774.538179
3329.248833,2540.615241,1770.028123
3334.537508,1685.703650,1689.899520
3341.653136,3230.083291,1354.818985
3342.645269,3175.439204,1366.680325
3346.382779,1789.397580,1673.239879
3357.841788,2529.284857,1659.130117
3359.669185,2318.132336,1662.987993
3363.491767,2450.639588,1656.284411
3363.599299,3230.335558,1346.019825
3365.222512,3206.884630,1357.040312
3367.657520,1804.871149,1661.547294
3369.049829,1781.706438,1675.541133
3370.565982,2560.612534,1655.992766
3371.617017,1765.972332,1662.342280
3374.019667,1620.218568,1676.213237
3374.650245,3256.873810,1341.196108
3377.166501,3308.414290,1326.782883
3377.935502,3311.781857,1308.697975
3377.981454,1733.434788,1668.296404
3387.188459,1572.617071,1674.403213
3387.498321,3251.362220,1343.685702
3388.770950,2443.955201,1651.384023
3388.930245,3298.570354,1327.032646
3389.658825,2372.793285,1652.271411
3389.919752,2523.743328,1649.545949
3394.066350,3288.734561,1324.107649
3395.047523,3249.646339,1330.987850
3395.496683,2331.114813,1657.308685
3398.794969,2446.457016,1650.391365
3398.803682,3224.347114,1353.215647
3401.637046,1571.939052,1670.489875
3403.367503,1603.697813,1667.330296
3405.430835,3308.226974,1322.907272
3407.379100,2593.244547,1643.020626
3408.979684,1786.401723,1657.774399
3409.565763,3297.716035,1308.123582
3410.715833,2451.899712,1641.606220
3410.887074,3237.140644,1341.931136
3415.634361,3273.712224,1319.071116
3416.796778,3293.666984,1311.059850
3418.373623,3210.216046,1331.786577
3424.791481,2332.398047,1656.539093
3429.620804,3241.526408,1331.095294
3431.629836,1713.785376,1660.488867
3431.766304,3281.384945,1318.675099
3438.086108,2626.871125,1635.051710
3443.049751,2310.282498,1655.731806
3452.082771,2576.929419,1624.210177
3454.616374,3339.244321,1289.093256
3456.239284,2576.216201,1621.408351
3462.245068,2559.634161,1630.979751
3472.525907,2497.367902,1617.241844
3474.376132,3344.757724,1273.686490
3474.578763,3302.253868,1285.137720
3477.425365,3333.048505,1257.418706
3477.848819,3488.148354,1234.592082
3477.923739,3356.650251,1244.386390
3478.630431,3493.444890,1232.313710
3482.824939,3328.126039,1245.570278
3486.366801,3362.303462,1241.448707
3497.297618,3548.386384,1212.215478
3498.084986,3312.272035,1242.830339
3498.230925,3364.591869,1237.850050
3498.509942,3567.408348,1198.484157
3501.511745,3557.645276,1201.409857
3502.200273,3432.907600,1229.797911
3506.676410,3636.425351,1193.246046
3509.430437,3527.745276,1219.863531
3510.181326,3504.631731,1222.006150
3511.148271,3546.762978,1203.333225
3511.506439,3353.861693,1235.019054
3511.894306,3524.618439,1219.772807
3523.832609,3578.613151,1189.875363
3527.458993,3657.290317,1177.240423
3528.623535,3532.667630,1195.144229
3532.061924,3198.334684,1262.684617
3534.207305,1631.031887,1658.165622
3535.938147,3657.682380,1169.642396
3541.844982,3652.513798,1155.613784
3543.080095,3215.262855,1256.378265
3543.898636,3618.018212,1163.158874
3545.130205,3612.122979,1168.468892
3545.441348,3536.349707,1186.269125
3546.466593,3498.752864,1226.553150
3546.940989,3112.083033,1299.412280
3548.522831,3222.185297,1223.181912
3549.034434,3503.279498,1218.315906
3550.984207,3472.937875,1215.372877
3560.676597,3134.402349,1284.005831
3564.718365,3464.814791,1222.129841
3566.209250,3197.808772,1270.084743
3567.141444,3211.265878,1257.728914
3567.687642,2276.239329,1629.926446
3567.708100,3534.611040,1184.361502
3574.549217,3140.554584,1277.032345
3575.621467,3113.342028,1275.720120
3576.637788,2319.525049,1619.573728
3577.212070,3279.184203,1203.346889
3578.570031,3472.561869,1201.940409
3579.052261,3491.550538,1196.074653
3579.585608,2206.612168,1638.817368
3582.118796,2310.645617,1603.583848
3582.822538,3530.764334,1174.331114
3583.205547,2348.780238,1601.515620
3583.573635,3145.164908,1269.165479
3583.889024,3475.566549,1201.020834
3585.227819,2033.935931,1624.705476
3586.740099,3266.412207,1199.403380
3588.204818,3103.216530,1267.958467
3588.939102,3158.902146,1267.689929
3589.576792,3539.993485,1164.712430
3590.488253,3532.383940,1173.050160
3593.690135,3572.985713,1126.858409
3596.781198,3189.992864,1251.880090
3600.679376,2529.827977,1579.534239
3600.697554,3530.491294,1178.520003
3601.567479,3506.316866,1167.369591
3604.294384,2513.145267,1586.709385
3604.719013,3139.822537,1265.237417
3605.962018,3475.097378,1198.433586
3606.271085,3591.481509,1122.336261
3612.822740,2498.045376,1593.316928
3614.825144,3197.695220,1238.702769
3615.132386,3440.278755,1196.926598
3619.886107,3171.513578,1245.460076
3621.661238,2077.722382,1619.024445
3625.313995,1967.906787,1627.167346
3625.937553,3125.276135,1240.243683
3626.121436,2124.309898,1604.827516
3627.234988,3565.747891,1129.041802
3632.838131,2367.805698,1597.923739
3648.566548,2613.465831,1570.267681
3650.681852,3193.230410,1211.352461
3662.428364,2656.193282,1553.267735
3672.883386,1949.213097,1656.033396
3675.074787,2653.758952,1562.017593
3686.442461,2642.755254,1566.532966
3687.400272,1965.647155,1635.366273
3688.486545,2620.345925,1555.340614
3689.038254,2595.209649,1550.901358
3690.295073,2522.834998,1540.038749
3691.221399,1961.031448,1656.027255
3691.930251,1948.895430,1639.476139
3697.442350,2041.472898,1128.797651
3703.623061,2012.346839,1134.057558
3703.886991,1954.573613,1629.846902
3705.798197,1917.397678,1639.073978
3731.049792,1976.606132,1625.768428
3733.138522,1923.551976,1626.113176
3738.677801,1182.356108,1565.802851
3747.755924,1308.385678,1565.560741
3748.821357,1278.185319,1562.895874
3769.171735,1278.484088,1546.530228
3791.468117,1427.655459,1541.947717
3794.561543,1277.082270,1558.434587
3797.849787,1314.735190,1520.028312
3799.225267,1434.060390,1506.170219
3805.689500,1061.852534,1541.942450
3807.844659,1309.815203,1514.543751
3811.174561,1378.174511,1504.430375
3812.557751,1151.313304,1513.336722
3813.464149,1396.408354,1497.718545
3815.382172,1400.589997,1492.448572
3815.653119,1222.418785,1496.677113
3816.240815,1161.524788,1508.358039
3824.961280,1288.332574,1478.246302
3825.154166,1387.146022,1463.311565
3830.840728,1113.269542,1500.881866
3834.339600,1385.219651,1474.376565
3859.778817,1440.612190,1460.911433
3867.643596,1401.645875,1447.675453
3868.510198,1340.541724,1435.759983
3874.308725,1345.098851,1428.348997
3879.698504,1294.430249,1427.600276
3888.167071,1229.307874,1401.932856
