494.473222,237.367103,2498.225888
498.522749,232.391605,2499.621981
502.455946,240.359967,2498.014157
506.255809,229.615310,2499.707525
508.056613,234.561397,2498.136877
513.867994,228.084389,2482.173742
514.938630,218.650860,2496.950402
515.420287,211.098030,2499.411709
516.536965,187.785570,2496.428033
517.417525,181.911130,2496.615199
518.959306,173.669419,2496.647010
521.377490,170.744500,2495.683474
525.284620,178.099831,2495.467713
525.887352,167.360560,2498.682927
526.042418,136.724418,2496.527186
527.430865,125.028188,2496.206910
527.937903,115.880140,2496.561359
528.628061,117.468972,2496.082252
530.768045,182.992148,2479.986000
530.994621,107.345463,2497.201512
531.297240,93.062245,2496.263512
532.167371,87.499313,2496.308892
532.554468,85.736088,2496.422726
533.275215,135.649371,2487.147529
534.560991,91.461113,2493.912634
536.683602,88.399171,2494.429557
537.005704,87.160444,2494.415404
539.454593,85.619385,2497.288059
539.484920,64.286054,2494.487238
540.411925,56.436285,2494.477660
540.604039,53.201584,2494.625445
540.624480,54.698423,2494.410697
540.639837,52.081311,2494.599353
541.308583,47.243475,2494.743774
541.380577,45.322587,2494.684955
541.392338,49.292801,2494.577174
541.698124,36.808038,2494.701887
541.824967,44.652006,2494.693308
541.888859,36.439700,2494.650271
542.301430,30.764627,2494.510400
542.342948,24.557163,2494.371761
542.367440,25.783830,2493.914210
542.468592,23.937695,2494.084821
542.503803,25.234754,2493.922184
565.440400,356.321995,2429.788846
572.356108,377.226346,2428.950630
573.324906,393.400260,2423.944563
575.591839,400.679893,2421.218014
599.955620,457.107766,2413.526594
600.521844,447.125339,2416.130961
601.162626,454.278983,2413.557873
602.023520,436.596926,2419.441903
602.548304,463.288099,2410.638791
603.226809,436.955604,2419.043818
604.751379,435.513101,2418.897278
605.370202,466.272261,2409.532314
611.576446,482.730493,2403.831906
618.804900,491.859044,2401.175124
620.230413,493.487490,2399.699611
628.479560,498.163956,2399.048105
630.674496,500.546304,2397.186794
635.811056,505.066173,2394.775506
638.479027,502.507633,2396.007971
639.266007,507.948057,2392.642157
641.387762,510.664840,2391.676040
648.337461,514.643627,2390.004847
654.243248,518.158462,2388.696939
658.943362,522.789133,2386.150026
686.063834,567.070039,2385.071907
706.458484,630.021675,2364.268910
708.532801,628.664798,2384.233801
708.730398,629.956031,2366.092469
710.803998,627.487561,2384.779943
710.880334,621.849315,2383.004839
712.414078,634.576281,2361.539536
712.962208,626.177397,2364.331721
713.577739,630.879706,2363.411285
714.692639,629.176428,2361.805120
722.556018,623.947158,2364.028526
724.879692,625.495481,2360.510559
725.799284,617.736486,2364.586817
725.810428,635.082184,2330.849775
727.886106,632.261135,2358.764138
731.972325,618.232316,2358.869294
732.230755,630.612535,2356.532836
733.545995,620.994242,2356.262243
739.231857,625.429674,2339.098314
741.744018,614.201244,2356.117201
742.734171,629.360077,2338.171206
752.677944,651.630736,2323.435043
753.104187,415.246183,2360.906944
755.180321,596.232181,2358.809794
760.569215,675.295665,2321.707397
761.487482,675.165067,2319.429834
763.089554,684.890466,2319.058742
765.703912,605.138957,2353.795657
766.197622,683.577552,2319.065586
768.261855,454.439130,2342.840174
772.375248,643.012480,2330.166584
772.942293,671.947708,2323.215684
776.753079,403.656843,2344.369836
777.212686,678.541517,2318.934938
778.079788,586.596813,2338.180547
792.358001,587.955695,2333.037573
803.300444,601.380611,2328.127020
804.446215,569.882388,2333.934583
821.285998,544.336044,2329.614538
825.944756,633.765155,2323.944184
827.573164,467.423265,2316.046740
828.401500,457.977699,2318.390200
828.744748,446.676794,2317.255590
832.851964,658.709149,2314.803669
845.268414,692.669443,2313.648316
854.247294,734.500042,2305.797979
854.575145,756.430581,2300.046552
858.483083,692.967025,2308.774553
860.291031,383.923487,2315.511334
861.529880,676.870692,2300.814070
863.752807,755.797398,2299.996439
863.953891,458.036860,2302.096825
867.370339,767.089205,2295.371351
873.984741,462.296082,2299.473398
875.457811,401.763012,2306.396230
893.333048,751.451922,2297.050404
908.291870,824.033050,2278.436872
908.859800,748.941315,2296.571560
911.361198,425.070610,2304.109320
914.686955,462.995734,2298.421836
919.722016,761.202064,2294.285731
927.510639,774.243298,2291.171996
927.554824,474.270346,2290.721028
928.932157,791.221125,2287.818472
929.493195,463.880225,2297.496136
932.615415,837.276644,2276.985575
935.292770,874.830635,2266.187773
937.595780,461.474477,2294.191505
944.866145,810.300981,2281.016196
949.894532,474.629803,2279.423326
954.721132,894.954495,2261.521351
961.310175,896.773656,2258.492392
962.337146,820.141851,2277.228485
972.904410,833.451467,2273.140681
979.519667,447.508514,2269.605631
981.500535,864.349372,2265.915332
996.689255,491.161687,2267.212783
1002.610214,906.392206,2252.517732
1004.119419,872.642403,2263.190454
1019.158287,933.057276,2244.718211
1035.964701,878.090512,2258.563149
1050.030559,953.918218,2240.383483
1057.970141,497.496605,2242.495527
1061.209826,954.056717,2236.146092
1080.880509,1046.769869,2193.540133
1100.723217,440.378695,2243.325107
1110.596977,429.658944,2243.754388
1117.941596,436.734802,2241.196100
1140.355197,1008.117300,2221.007049
1146.455933,1014.221695,2220.120422
1152.924514,982.602829,2224.287612
1198.228212,1017.222313,2211.104582
1200.447824,56.791953,2252.585765
1209.052932,724.324519,2187.517076
1255.614933,702.181647,2185.301539
1257.185652,1211.922812,2183.312941
1350.809835,1331.555866,2176.976568
1420.548553,1366.540387,2158.985971
1436.762670,1431.841415,2157.282191
1444.034066,1363.542881,2149.315217
1456.253734,524.532847,2240.815383
1463.544175,216.704554,2215.916865
1497.699740,352.359365,2211.817440
1508.178398,842.488303,2177.194505
1515.018051,1459.927842,2140.051427
1526.488347,420.766930,2205.533306
1586.451082,661.383825,2178.197101
1593.888320,321.022508,2208.395019
1605.390172,512.225133,2204.164340
1615.720386,538.584766,2201.712981
1638.808785,789.541096,2173.316626
1645.166425,1597.780783,2136.947503
1675.991073,318.783848,2190.139889
1687.010719,913.705650,2167.049209
1711.641508,935.279498,2160.015900
1722.656127,955.636151,2157.379906
1738.938138,1697.963854,2121.669312
1752.816545,1794.137095,2116.133831
1768.044627,585.257208,2153.495564
1778.728359,1083.972871,2150.633704
1806.276757,1116.045897,2146.480665
1813.758792,1861.548943,2099.928100
1814.859660,1165.175362,2135.664564
1833.518829,1932.549830,2099.320411
1835.680387,565.981233,2142.827833
1861.742025,1216.350019,2135.491421
1882.711708,748.981324,2140.748861
1884.344093,1269.674549,2133.387654
1893.568879,1987.580518,2085.060662
1926.088311,2091.324836,2062.572066
1978.474156,1269.689499,2097.108158
1983.981353,773.021184,2124.528045
2026.598214,826.191768,2069.979922
2068.265239,2166.117810,2059.859836
2099.746709,2205.511526,2048.777910
2109.573905,2014.614687,2052.580138
2118.336922,849.960688,2057.698584
2123.065800,4888.867970,1640.878816
2130.964483,2066.721844,2048.219532
2132.951709,4574.018017,1731.437243
2137.466663,4565.580090,1729.452348
2140.461533,1108.441378,2050.646486
2142.018591,4571.420586,1723.889902
2150.503571,1508.137755,2041.642781
2150.987414,4633.864312,1715.108751
2157.277567,4568.599142,1722.757045
2157.493586,4597.096672,1719.362843
2161.193102,4981.433050,1626.832772
2169.688418,4949.646432,1635.494147
2170.625086,1524.005680,2036.744135
2172.905544,4974.606562,1630.836886
2173.092555,1559.320413,2035.933563
2174.221258,2743.167242,2018.193887
2174.535842,932.820229,2057.388569
2175.874591,2737.019051,2017.536746
2176.538033,932.563150,2050.748122
2179.481160,5007.430708,1622.462753
2180.692388,1199.903403,2046.159259
2181.045294,4581.154920,1721.069238
2182.779646,4558.030094,1736.928765
2184.453726,2668.081258,2018.507363
2188.188665,4683.840060,1699.277894
2188.413293,5010.452505,1620.147634
2193.672212,5025.027409,1604.949473
2194.804035,2802.514260,2014.433356
2194.824066,5003.684640,1617.329258
2196.086070,4583.539897,1710.456817
2196.601020,2824.635199,2012.456289
2197.173276,2654.240720,2017.029028
2202.312260,2790.295071,2014.703850
2207.985120,4596.724387,1709.866879
2213.109581,4493.942813,1709.334245
2219.678730,2651.724001,2015.811557
2219.746598,4962.185316,1629.113448
2221.174980,2794.364647,2009.500354
2221.821059,4992.093124,1624.287875
2223.520800,2935.768141,1994.793896
2224.777661,1298.440324,2043.702071
2225.107988,4691.338607,1688.461446
2227.348799,2843.553508,2003.877534
2228.368124,4568.383654,1709.047504
2228.546847,4766.618681,1665.178282
2231.291188,2228.774374,2034.100793
2231.639211,2613.918907,2013.588117
2233.692720,5072.168441,1600.071490
2236.567812,4589.675906,1707.037743
2238.299430,5012.359015,1606.543215
2239.593326,5103.393997,1579.049475
2240.156433,5081.542428,1592.209797
2244.530556,3113.556765,1977.324511
2245.424440,5082.454064,1580.141001
2246.007719,4581.937479,1692.293637
2246.514332,2945.016558,1992.485246
2248.147832,2829.451228,2005.116642
2249.331974,5043.678647,1603.401654
2249.723459,5063.236086,1591.208796
2251.050324,5058.630898,1602.137223
2251.268599,1055.601358,2041.296959
2251.311482,4757.950508,1654.815500
2251.853381,2671.163940,2011.380131
2257.628225,5067.530869,1585.960852
2260.447873,2943.611146,1991.219549
2261.032232,2906.127421,1993.668681
2263.161799,2908.937667,1993.338272
2263.242196,3154.794823,1968.083876
2265.516648,4737.013505,1656.942263
2265.551405,2845.900613,2001.841900
2268.786042,4481.543163,1730.835436
2269.196363,4782.903432,1649.701288
2277.176750,4791.262839,1647.580445
2280.341912,2272.590856,2026.384636
2280.402178,2946.195715,1988.892545
2280.760824,2973.532126,1985.911367
2282.146273,4565.046441,1685.809880
2283.673226,1108.466001,2041.144687
2285.839251,1431.958834,2034.082837
2287.375298,2985.895722,1981.649797
2287.884973,5108.341817,1567.851144
2288.143387,3163.670032,1964.395121
2297.233119,3174.020439,1960.369270
2299.132810,5129.442383,1552.795846
2302.590473,3048.015753,1973.213906
2303.496733,3022.186652,1976.151779
2304.858679,2993.589293,1980.181510
2305.222662,1160.373993,2035.650359
2307.307962,3112.685538,1967.987395
2307.880953,3179.895936,1958.656351
2311.831264,2982.007175,1980.939712
2313.016219,3202.662541,1951.398451
2313.218788,3151.735594,1964.260727
2313.318652,5169.843931,1540.631717
2314.980759,4874.015378,1621.273691
2316.479618,4652.406103,1650.326056
2317.778695,3138.365145,1960.850185
2322.421162,1485.318532,2028.116662
2325.096535,4871.250051,1619.477541
2331.066551,3036.667483,1972.222828
2340.836288,5169.080807,1543.475141
2341.000011,4888.028939,1618.069068
2341.027540,4878.508431,1599.023038
2342.764594,4856.511434,1605.965435
2344.322520,4665.730627,1645.054219
2346.724310,1737.312502,2005.251702
2348.478952,3113.257804,1962.635244
2349.435441,1555.770535,2021.659836
2354.091410,4947.257445,1580.765056
2360.922445,5163.036993,1547.924185
2361.377889,1569.357818,2021.659363
2364.246745,5216.750138,1529.323108
2366.378022,3227.326050,1943.839368
2368.577057,4915.272531,1595.790093
2368.688130,4973.976969,1562.512188
2369.253603,3111.774397,1957.168363
2369.539872,3467.901568,1900.253883
2370.871039,3255.481259,1939.169968
2370.958819,4896.367300,1591.024687
2372.938375,4951.944754,1577.607156
2376.289408,5357.267010,1461.439046
2378.684889,3395.162672,1914.854683
2379.511544,5159.359507,1502.615035
2381.423251,3338.711072,1925.195988
2381.482065,4949.648089,1568.231943
2382.744169,3389.965458,1917.911516
2383.584231,4977.701671,1549.676184
2385.489789,1674.738398,2017.920539
2385.921805,1313.281180,2021.354283
2385.955517,4950.527168,1557.341905
2386.515246,4904.242285,1586.723573
2387.508193,4875.125834,1583.478294
2388.768419,3471.009199,1891.757295
2390.234932,3093.990573,1953.516600
2390.458935,3039.895257,1963.575417
2393.436371,3459.910630,1899.072843
2395.011581,5239.654855,1497.512663
2395.050981,4983.345074,1544.274826
2395.333139,4968.304246,1542.373079
2396.828845,1298.003126,2027.212615
2397.209587,4923.238915,1568.302922
2397.304106,3383.601725,1913.967093
2397.839343,3361.160995,1915.182563
2401.988177,2467.224368,1990.354424
2402.692317,5348.508362,1464.754528
2403.132919,4912.221076,1577.626953
2404.186911,3511.598932,1876.041174
2405.538855,1294.979297,2022.630223
2405.722132,4906.392453,1579.521903
2406.176092,3089.861859,1946.305174
2409.740016,5373.709925,1449.804500
2409.779339,3441.959014,1895.868824
2413.314316,4912.185611,1575.961054
2413.380987,3085.747885,1950.156233
2413.645821,3412.099492,1909.594902
2413.971393,3055.570243,1956.427917
2416.126443,1720.225416,2005.775649
2416.245382,3577.339357,1861.000586
2416.712897,1831.928861,2004.839560
2417.142598,3572.289844,1856.902872
2417.203963,5369.733075,1449.659054
2417.551086,3500.616690,1884.934403
2419.154381,3040.147706,1960.334830
2421.351018,3071.922934,1945.572046
2421.777489,3428.706803,1901.987440
2422.222036,3307.043173,1919.742288
2424.004386,3291.725776,1923.068516
2426.092194,1310.374324,2020.211462
2426.241305,4961.780481,1546.101125
2426.617358,3494.872022,1882.629509
2429.287873,3396.793623,1907.078743
2429.896544,5403.867035,1443.005771
2431.107888,5382.436476,1449.493673
2432.073340,5360.764432,1452.836140
2432.184447,5231.585637,1481.247551
2432.750024,3477.769249,1887.448999
2434.630783,3364.696050,1911.630976
2435.764858,1856.410054,2000.056816
2435.900475,3483.512736,1884.655178
2436.104745,3503.520154,1872.956688
2437.080149,5517.392722,1382.840029
2437.452360,3576.080762,1856.130033
2438.020387,1767.812378,2000.939957
2439.025178,3351.324432,1915.481775
2439.466452,3378.888615,1910.549739
2440.093831,3577.414040,1855.920693
2440.139911,3134.282197,1944.194615
2441.772589,5461.562531,1423.463778
2441.791990,1803.594419,2000.024818
2442.049863,3430.306296,1897.757150
2443.529778,3456.049459,1891.006440
2443.603484,3480.584995,1885.966887
2444.636121,5491.741828,1382.072250
2445.199545,5490.493188,1411.446312
2445.219679,1320.516890,2018.847109
2445.478845,3620.250182,1847.154166
2445.871596,4746.079411,1625.576345
2446.626668,5439.688436,1441.633178
2446.745195,1328.265754,2014.713982
2447.476971,3562.552057,1867.354009
2447.758852,3461.860750,1887.946019
2449.112993,5364.641725,1451.994345
2450.108112,3635.653859,1845.194541
2450.362485,3377.195763,1898.708960
2450.631668,3490.863906,1883.611415
2452.100056,4710.018686,1636.112641
2452.366601,3359.453609,1907.231437
2453.615417,3358.326581,1907.980757
2453.795612,3499.048123,1882.292971
2454.174865,3618.255603,1849.690137
2454.292461,5483.237804,1421.926223
2455.382478,5486.968232,1389.556609
2458.070217,3088.395679,1945.141452
2458.077047,1864.336370,1993.973479
2460.097848,5445.867357,1433.131771
2460.174041,3621.860783,1845.694993
2461.237810,5484.765649,1399.963778
2461.294171,1788.074235,1998.884679
2462.413888,5463.230933,1416.040093
2463.469127,3599.209034,1851.232548
2464.798665,3591.982691,1854.850973
2467.705587,3626.806625,1843.121921
2469.446890,3693.887280,1827.773106
2469.950152,3339.047251,1908.250018
2470.856646,3587.080980,1849.922304
2470.998174,5483.723764,1388.813114
2472.037007,5476.225865,1414.939736
2472.154140,3570.500695,1858.307505
2472.561970,3410.126188,1897.417714
2472.849219,5419.521461,1432.246846
2474.113817,3642.765889,1837.493673
2475.026893,3531.882645,1870.993657
2479.520775,3363.799802,1903.759131
2481.213728,3652.887559,1837.280722
2482.397104,3368.626665,1902.414136
2483.329387,3410.482901,1895.301586
2483.455901,3348.134992,1904.454847
2484.297347,3626.966552,1835.836138
2484.378020,3617.950836,1838.759699
2484.706148,3460.981530,1879.903154
2485.817137,5456.721164,1411.458279
2486.236452,3400.354837,1896.749968
2488.079739,3560.165761,1855.815987
2489.486060,3395.985349,1896.037993
2490.219938,3122.070274,1927.408777
2490.881498,5469.731746,1410.284330
2492.244531,5405.327843,1426.819619
2492.712824,3532.731218,1857.027330
2492.714940,3399.741397,1895.948218
2493.684836,3582.901701,1854.411188
2494.598442,3411.148112,1894.496795
2494.721201,3393.540657,1891.985101
2494.998404,3411.374234,1891.347802
2495.333471,3512.661322,1870.071441
2496.741189,3612.018002,1843.329669
2498.560868,1881.503138,1989.356567
2499.946835,3079.092499,1931.545726
2501.259183,3422.806739,1890.351377
2501.291886,5566.219342,1350.576886
2501.856317,3179.878165,1926.880581
2501.909552,3524.991384,1856.301995
2502.309533,3418.565594,1890.389415
2502.557834,1371.616954,2013.941066
2502.973451,5387.963651,1446.541666
2503.377749,3401.097070,1890.634745
2503.766432,3426.915596,1886.957823
2504.114801,3365.419909,1900.141822
2504.229643,3650.298190,1831.727512
2504.332561,3393.378848,1892.940489
2504.972085,3626.074864,1832.556451
2505.094999,3621.915414,1836.453156
2506.617075,5564.440125,1348.897422
2507.361979,3148.911453,1917.203323
2507.905149,3394.783517,1891.306659
2508.243940,3773.702714,1820.651382
2509.695931,3642.786980,1830.586678
2511.294972,3595.855434,1844.345860
2512.021150,3436.606318,1884.442557
2515.490373,3444.740901,1873.443128
2516.217040,3619.341529,1830.952490
2516.934499,5391.573005,1421.021736
2517.910188,5483.399991,1404.675585
2518.072557,5492.886636,1378.201938
2518.214506,3647.052008,1819.900035
2519.200384,1919.595779,1987.847905
2520.455582,1965.875468,1979.286081
2523.833312,3478.946769,1872.715739
2523.880400,3442.711379,1873.037156
2524.102245,3515.154917,1865.341295
2525.293381,3930.210221,1778.714554
2525.547301,3642.885148,1824.955179
2525.871126,3575.765118,1841.343027
2525.889186,3598.587310,1838.349910
2526.065696,5486.500185,1383.978354
2526.797694,3754.130768,1818.948231
2526.986316,5561.088526,1349.202545
2527.032966,1855.553947,1989.643683
2527.244734,3568.444327,1838.910607
2528.539100,3641.385912,1823.324009
2531.491711,5479.297783,1401.033259
2531.804987,3415.919487,1883.981414
2532.668697,1919.438187,1988.074774
2533.351974,3412.663170,1886.636645
2534.711278,5575.208501,1344.682746
2535.757041,5481.938884,1397.504903
2537.416244,3526.292019,1853.194370
2537.989072,3599.913752,1833.390813
2538.139632,5479.409074,1385.588739
2538.142304,3404.508281,1885.076840
2538.679477,1409.456186,2008.465123
2539.156425,1674.951805,1998.658218
2541.672751,1789.971667,1997.412281
2542.276992,4364.244311,1743.137287
2542.901862,3432.170477,1883.169586
2543.498172,3200.254165,1913.294380
2543.814806,1956.403117,1985.470332
2545.278177,5104.369673,1531.881192
2546.782856,4037.329376,1768.404959
2546.813868,3410.936115,1883.668877
2547.441372,1758.477330,1996.334688
2549.238049,1823.690445,1995.412293
2550.846663,1939.333288,1985.905688
2552.803141,3430.320672,1876.813752
2552.936664,5436.771352,1411.479498
2553.178699,3437.495145,1876.302362
2553.767525,3972.580474,1777.035216
2554.792826,2002.005666,1975.795696
2554.864061,5124.378752,1531.217990
2554.875472,5530.947183,1372.125251
2555.416768,5568.780874,1348.141800
2555.722545,5051.462150,1524.783325
2558.986756,3832.997431,1809.128495
2559.043245,5546.707691,1358.537325
2560.950109,4964.977376,1541.022606
2564.270954,3229.698126,1902.301550
2565.011484,3501.813753,1862.757300
2566.060998,5577.479662,1308.772029
2566.232126,3684.427702,1810.781960
2566.529970,1743.302361,1995.977506
2566.536667,5549.296121,1335.378767
2568.408503,3659.629463,1814.406696
2569.231938,5459.105693,1404.954779
2569.358699,4350.470198,1747.095600
2569.391792,3424.644046,1877.011962
2569.562244,5205.783476,1495.193522
2569.612598,5491.643649,1366.623050
2570.319715,3494.747021,1870.492407
2570.562602,5581.689069,1303.743734
2570.938109,5469.212116,1387.692499
2570.990546,5103.422012,1523.411971
2571.100893,5416.025137,1418.187747
2571.432131,5567.432184,1324.406987
2571.932501,3438.553077,1872.435092
2572.326488,3624.802749,1819.977197
2572.589038,5463.796514,1386.706881
2573.905267,5427.677031,1407.616278
2574.368211,3679.613439,1812.634908
2575.128518,3855.064541,1802.169211
2575.132919,5524.196573,1349.342828
2575.164970,5440.142648,1390.052756
2575.247127,1634.778870,1994.470783
2576.231597,3678.940443,1812.401942
2576.434018,2032.688062,1974.503229
2577.496010,3695.402194,1806.709398
2579.093322,5584.138696,1297.376035
2581.469511,5369.654952,1429.085283
2581.767126,3499.216730,1867.444817
2583.737022,4390.942969,1733.945173
2584.990064,5354.645016,1420.724442
2585.108404,5546.654050,1346.903811
2587.113336,3704.404231,1800.459759
2587.234732,5111.696614,1517.760541
2588.989334,5490.723811,1360.075908
2589.092425,5580.555256,1304.500282
2589.477145,2066.512622,1957.503631
2590.072830,5486.799722,1353.050632
2590.360414,5231.311338,1493.298412
2591.523896,3906.021022,1793.838087
2591.866775,3704.754653,1794.752698
2592.547412,3484.030609,1868.320199
2592.800253,3929.045859,1790.528481
2593.253599,5408.062274,1405.456412
2594.363567,5258.301555,1466.756332
2594.442512,3628.969110,1810.928741
2595.024755,4423.326977,1733.801944
2595.824217,5576.215958,1316.260245
2595.831656,5564.073622,1321.245192
2595.925447,4085.647845,1764.143815
2597.456843,5374.868374,1408.184475
2598.397230,3228.263341,1897.575730
2598.989712,5145.824087,1499.269104
2602.365227,5556.790642,1335.095888
2602.519689,5555.551805,1319.659913
2602.885485,3921.959660,1789.900380
2603.196676,3516.667541,1856.012624
2603.541885,5583.546675,1290.063777
2604.735016,3677.032879,1799.586625
2604.811060,5613.348544,1265.311434
2604.831886,5113.547440,1516.757892
2604.960992,5505.155217,1339.059145
2605.426113,3640.349674,1810.026104
2606.246848,2107.217995,1950.011280
2606.974784,5557.177090,1312.986717
2607.759919,5252.887195,1456.885379
2608.137899,5495.025237,1346.090276
2608.990601,5571.085005,1312.724041
2609.406281,2044.097564,1968.040747
2610.046617,4107.899286,1758.390685
2610.598568,2102.115230,1946.150556
2610.994178,5507.275195,1333.483711
2611.926352,1656.879080,1990.188987
2611.948733,3632.957642,1808.543191
2612.681030,4098.694246,1754.632372
2612.912311,5199.741438,1487.994432
2613.611748,2151.975322,1938.485919
2613.902538,5126.290350,1503.123576
2614.006247,3666.845010,1802.809807
2614.106311,4320.216032,1728.319299
2614.219772,3616.806783,1815.706592
2615.118850,5605.444547,1290.034118
2617.523179,3678.248340,1797.586164
2619.383256,3725.896562,1776.957823
2619.608097,5305.746126,1448.756759
2620.207333,5584.696697,1283.243929
2620.518761,5548.123263,1328.205462
2621.294503,5321.038648,1419.951566
2621.633743,5346.047491,1414.315007
2622.038297,5371.001870,1404.939558
2622.642169,3719.275038,1786.993278
2623.660150,5448.397299,1371.451730
2623.869363,3698.016536,1784.642194
2624.689338,4180.247581,1750.591781
2625.581636,5563.064017,1306.609051
2626.297519,5611.345545,1249.601110
2626.480891,3615.761736,1808.936192
2626.955850,3421.065946,1882.592075
2626.967330,3493.358079,1863.219282
2627.780870,4336.473281,1721.705745
2627.878551,5438.586293,1382.735004
2628.085724,5122.533167,1485.950723
2628.493118,5599.350160,1233.625708
2629.186198,5553.998689,1312.207064
2629.402988,3724.819801,1779.080293
2629.419768,5111.981878,1487.067857
2629.695309,5172.230546,1448.778209
2630.965298,3639.682474,1806.360868
2631.009372,3993.091283,1773.452313
2631.051408,5591.888150,1282.211841
2631.310089,5164.011823,1450.057695
2632.877044,5306.662969,1432.280065
2634.133035,5500.560407,1331.779657
2634.302940,3674.960077,1794.857065
2635.283780,5420.232203,1392.395826
2635.365252,1575.853948,1998.438203
2636.161799,3740.671331,1765.433993
2636.277231,3591.513229,1806.432000
2636.281399,3415.870178,1879.540557
2637.287783,5560.831281,1310.869698
2637.801088,5159.677936,1459.905425
2639.399255,5566.637468,1285.194004
2640.950849,4545.874464,1682.688905
2641.172575,3708.667443,1773.040541
2641.736148,3271.719398,1878.465580
2642.318540,3746.697480,1762.363372
2643.053473,3701.534555,1780.237717
2643.189549,4505.384148,1687.380880
2643.427165,5594.699302,1248.587212
2644.083071,3464.457564,1867.159836
2644.332958,2055.209589,1960.300778
2644.645188,3764.746371,1742.313234
2645.384567,5604.302190,1232.371190
2646.236116,5300.795441,1436.728378
2646.632367,3489.599165,1865.384791
2646.698499,3433.810818,1873.168249
2646.716597,5582.218565,1280.080981
2646.752892,4331.316387,1716.505507
2646.838241,5252.625892,1443.514155
2647.034510,5271.376159,1417.455300
2647.161072,3549.640763,1849.161179
2647.709907,3549.606993,1852.975155
2647.728010,5417.253329,1401.902807
2648.887660,4648.836348,1674.816839
2648.903153,5416.499007,1390.917207
2649.879143,3446.227914,1870.269594
2650.344498,3246.570932,1883.715702
2650.830503,1629.684647,1997.945960
2651.190697,5331.079360,1411.620812
2652.423908,5240.862191,1444.982984
2653.251028,3248.207821,1879.285501
2653.439353,5260.130569,1430.964998
2653.899413,3452.920564,1870.150421
2654.514993,5133.110350,1484.266604
2655.010355,4162.147557,1741.336414
2655.639397,4573.699748,1679.532301
2656.594934,3665.882646,1789.432590
2657.042144,5344.282491,1407.390789
2657.075813,3544.887594,1851.514872
2658.050703,5446.279676,1353.897111
2658.511027,3676.816740,1788.794980
2658.759873,3453.952515,1867.808002
2658.984347,4540.087590,1685.839477
2659.403865,3436.515115,1872.848925
2659.966391,3012.448829,1869.757677
2660.572314,5412.776485,1393.746661
2660.695732,3525.036069,1853.199611
2660.860744,5308.726630,1387.652485
2661.340748,3565.826995,1844.984945
2662.170063,3566.897147,1839.330376
2662.902973,4634.301002,1677.447594
2663.089930,4546.401535,1679.344522
2663.223246,4039.477909,1739.915273
2663.278479,4612.222594,1677.825206
2664.126230,4530.048560,1680.464523
2664.582175,3507.590848,1858.273766
2665.881443,4490.265528,1695.379114
2665.883762,5412.541695,1369.008473
2666.118708,5409.212907,1360.446758
2666.295561,5261.152360,1423.605440
2666.834344,3615.656507,1792.075883
2667.497372,3710.627944,1770.721512
2667.601113,3723.149982,1766.143675
2667.936808,5118.266317,1467.128697
2668.105155,3561.220941,1845.625193
2668.226124,5532.294389,1328.589699
2668.819589,3518.966702,1855.038867
2669.862797,5110.307726,1464.680142
2670.230236,5580.104328,1277.612874
2670.724546,3728.491802,1764.155789
2671.464685,5567.530398,1280.639995
2671.725467,5564.450185,1295.986752
2673.248910,3561.501136,1839.633801
2674.378761,5552.303041,1279.949891
2674.433641,3539.594715,1852.264523
2675.916864,3280.657161,1869.161390
2675.929957,5572.493141,1238.580724
2676.390377,5341.324683,1383.020842
2676.394772,4564.865373,1679.025376
2676.401380,3755.143444,1755.475677
2676.573553,3753.433087,1750.610018
2677.165987,4306.100804,1726.943938
2677.282368,3524.506492,1850.868493
2678.095206,3551.285496,1847.849455
2679.445247,5542.352780,1273.191830
2679.799904,3560.492610,1843.831166
2680.347127,3520.672574,1851.680429
2680.363772,4375.091007,1709.345090
2680.746205,3451.836141,1862.650649
2681.509124,5416.840533,1351.461379
2681.674342,3582.973156,1836.770874
2681.874393,4529.566892,1686.563099
2682.004968,4592.037727,1673.673056
2682.104015,5305.484370,1400.960688
2682.135902,4632.508533,1668.494849
2683.060967,5553.382895,1256.249883
2683.882865,2236.771329,1921.129938
2684.297380,5386.512067,1381.670337
2685.426912,3573.680120,1836.492640
2685.553215,5433.980576,1341.095803
2685.613146,5378.737035,1346.084199
2686.766804,3507.741877,1856.881092
2687.141878,5534.977495,1293.580380
2688.496436,1672.289465,1980.867454
2689.857297,5428.182563,1342.856347
2690.134008,4279.463556,1729.619380
2690.233751,4353.792319,1702.326522
2692.454202,3759.901464,1744.442689
2692.780350,5339.162078,1360.778201
2692.902267,5147.940188,1450.728429
2693.031885,4467.245486,1699.384592
2693.323269,3740.463274,1750.169156
2693.571854,5373.919752,1359.714879
2693.642857,3747.717610,1746.768997
2694.204346,4441.896581,1694.357234
2694.626425,4562.784286,1678.747337
2694.741108,5518.042785,1302.842617
2694.971358,4579.242257,1676.443662
2695.459435,3504.729600,1855.162078
2695.948297,2093.245726,1952.910153
2696.981570,5559.509802,1228.168373
2697.813307,5481.559073,1288.392517
2697.884851,4604.749483,1673.278427
2698.060026,5102.791021,1470.424502
2699.036578,4886.851532,1554.770518
2699.223695,5554.068717,1243.140453
2699.293002,5378.071368,1356.812945
2700.775306,3590.554454,1827.115998
2700.969371,4518.359026,1685.489955
2702.679738,3269.743187,1860.973305
2704.527288,4524.024298,1682.870038
2704.879383,4155.856471,1730.030328
2705.462499,4400.443354,1696.529719
2705.577981,5138.379379,1455.152584
2706.257328,3495.594499,1848.395181
2707.096633,4587.176174,1674.892519
2707.234955,2587.876996,1875.663592
2707.415005,5329.685689,1364.619613
2708.097960,3564.155702,1838.359975
2708.200850,3252.720044,1868.147041
2708.477210,3470.561019,1855.950316
2708.552352,5543.718690,1237.596313
2708.891447,5466.459612,1289.326507
2708.955442,3521.592058,1846.440641
2709.146694,3550.135064,1845.786513
2709.227666,4879.818396,1558.118456
2709.392590,2677.248525,1863.144441
2709.739421,5530.377714,1272.745910
2710.624741,3775.747802,1738.434896
2710.987260,5437.194894,1333.889648
2711.220256,5513.562006,1253.347177
2711.707438,4400.960853,1696.047032
2712.014543,5502.875377,1285.377455
2712.234363,5512.645020,1263.560519
2712.495863,5462.775993,1282.056819
2712.562016,3767.843000,1740.780110
2714.384792,5438.577091,1317.976647
2715.269556,5321.113578,1383.179507
2717.053135,3482.880102,1849.825261
2717.391887,5496.095941,1281.401707
2718.563490,3687.566112,1780.981530
2719.280316,4508.796840,1682.510866
2719.869978,5385.574760,1338.204832
2720.166447,3526.588611,1845.879962
2720.169523,3758.649867,1735.522598
2720.622504,2303.925651,1910.026898
2722.277837,2423.002679,1889.983690
2723.252096,5259.069316,1387.176991
2723.271043,4461.832254,1692.807995
2723.433942,5493.214486,1280.406746
2724.156853,2358.986134,1902.356555
2724.254270,4550.179839,1678.402290
2724.362321,3479.067772,1850.746254
2724.786187,5139.311043,1448.410982
2724.879191,5419.608797,1337.566870
2724.930896,4268.417331,1715.213255
2725.514442,4434.507553,1689.710817
2725.567845,5116.694242,1463.882535
2725.640512,2323.679402,1909.468574
2726.565144,5483.860987,1281.624060
2727.157073,4476.954894,1683.227990
2727.201096,5178.134871,1445.490971
2727.422551,3561.741363,1809.613930
2729.364862,4844.608353,1596.114796
2729.929896,3496.799123,1847.932250
2730.227821,4554.000798,1674.095416
2730.392275,5261.145289,1383.628594
2730.793614,4824.344582,1598.512185
2730.826761,2673.626881,1851.586253
2732.759583,4628.003547,1639.213511
2735.901865,5461.199898,1302.199455
2735.903716,5333.471778,1359.917202
2736.576281,3759.672524,1731.825144
2736.598691,5191.659078,1445.157535
2736.637113,5247.555498,1394.196789
2737.792866,5136.897975,1461.447099
2739.633926,5354.259605,1345.211978
2739.890914,5376.429272,1333.963745
2740.809022,4534.403636,1676.730460
2741.695964,5138.448043,1453.143270
2741.920597,5126.615212,1448.874022
2742.421315,5258.787889,1386.020495
2742.828466,5316.013937,1373.528184
2743.192767,5368.545729,1328.765577
2743.283308,5321.895402,1362.763579
2743.347678,3067.634245,1847.747033
2744.166460,5104.469586,1464.571550
2744.420469,3255.410696,1846.455883
2744.981794,5348.406103,1325.775590
2746.042794,5153.843058,1446.214913
2746.840366,5157.574575,1417.617644
2747.407413,4812.434028,1608.970949
2747.476100,4463.352251,1684.461025
2747.598029,4431.692305,1685.576815
2747.968280,5149.171787,1440.632909
2748.025370,3494.394205,1838.668289
2748.371263,3475.557976,1840.130302
2749.008780,5111.703993,1458.977511
2749.171123,5295.493770,1357.782780
2749.286908,5256.242406,1385.504847
2750.471479,5123.278296,1448.684655
2751.357478,4229.704614,1722.379128
2752.123297,4611.532621,1643.179165
2752.839918,5343.356144,1337.438475
2752.905491,5482.025365,1278.510318
2753.996508,4783.706835,1604.621686
2754.300104,2483.838367,1887.364767
2754.339124,4589.292955,1653.785130
2754.964462,4039.770709,1700.197427
2755.267648,4006.706370,1697.282389
2755.402516,5225.782247,1399.251235
2755.872784,4767.283859,1612.184190
2756.018443,2471.170464,1875.979820
2756.289093,2510.730457,1867.566148
2756.355545,2400.789958,1890.690186
2756.703565,5223.588963,1398.220351
2757.453896,5236.551018,1387.961368
2757.496262,5114.397397,1442.486352
2758.408320,5126.016317,1441.813211
2759.617854,3999.645888,1702.678165
2760.445760,4753.482555,1616.051292
2761.338839,4874.728332,1572.614942
2761.352184,3260.412177,1841.254477
2761.665293,4046.830113,1694.755775
2762.226893,4488.256391,1661.376086
2763.617156,2591.730013,1863.035336
2765.481060,5327.102666,1348.952717
2765.572629,4006.958639,1696.367697
2766.153271,5168.975990,1398.665851
2766.194361,5150.959963,1440.422397
2769.115042,3478.561349,1837.506231
2769.581761,4842.460259,1593.232765
2770.841836,5264.999445,1370.187662
2770.919911,5313.272827,1348.979365
2771.913260,5280.608784,1351.841232
2773.524357,5148.922416,1431.325257
2773.657452,2619.009153,1860.446956
2773.983467,4032.937868,1694.302657
2774.661223,4665.577834,1624.839364
2775.513633,5301.741344,1347.513490
2776.208759,5151.290148,1417.755986
2777.423913,5333.957642,1342.916819
2778.181604,4879.673095,1563.099125
2778.919559,3998.900341,1703.270086
2779.062075,5164.009260,1403.255212
2780.705973,5162.003858,1406.248651
2781.876345,4872.487319,1567.686892
2782.555578,2761.082528,1843.233773
2782.559949,5216.259828,1397.389126
2783.009014,3284.413003,1825.357427
2783.088679,4031.115255,1693.838313
2783.566574,5162.544476,1404.625782
2784.231466,4790.415279,1604.585122
2785.366549,4022.366851,1695.445152
2786.106733,4027.148865,1691.914346
2788.107102,3115.125867,1839.288324
2789.336747,5263.686919,1373.227713
2790.453494,4917.844781,1553.743786
2791.680627,4977.564691,1493.810704
2791.786778,2787.784428,1835.649760
2792.717710,5104.734898,1448.515901
2794.116506,4871.315248,1555.951677
2794.206431,5144.932598,1427.358108
2794.980033,4029.045064,1691.682317
2795.312186,4690.097800,1623.711362
2796.213701,2230.291644,1926.378277
2796.227410,5311.372972,1307.553564
2801.218931,5025.978223,1481.471331
2801.667421,4878.636384,1538.228970
2801.668739,4073.971323,1671.353004
2803.778221,4999.007715,1490.745343
2804.991594,3339.205783,1825.186305
2805.084149,4017.290420,1695.239446
2805.125840,3322.635274,1824.395861
2805.628991,4964.603644,1508.273899
2806.403414,2759.058728,1840.752373
2807.092445,4725.508232,1599.346633
2808.688281,4942.909086,1512.173167
2808.719176,5225.173302,1380.065042
2809.090111,4975.117718,1495.271204
2809.397684,4044.483288,1680.913820
2810.452550,2801.249909,1830.736697
2810.782317,3285.759778,1823.744030
2810.973436,2735.767577,1838.488312
2811.148642,5204.474759,1390.281695
2811.824852,4083.836568,1663.443212
2811.935721,5277.779382,1363.954914
2812.493270,4665.833604,1617.214097
2813.541592,4685.730759,1609.874942
2813.646419,5263.541932,1350.402734
2816.442032,4094.115643,1662.299542
2819.080030,5130.146041,1439.307030
2819.763489,5302.544168,1339.317020
2820.188356,2668.854994,1849.877136
2820.675274,5050.872007,1481.417933
2821.189288,4945.402828,1480.365184
2824.043207,5257.540844,1333.554346
2824.342165,5083.071963,1455.620324
2824.356748,5235.645777,1336.190337
2824.387203,3329.739033,1813.033564
2824.846110,3262.987010,1818.557131
2825.237888,4019.053795,1687.985246
2825.262399,5052.215582,1449.786986
2825.265826,4069.196339,1676.939539
2825.526582,4076.361478,1662.563977
2825.965618,4863.287935,1536.586249
2826.669475,4057.610756,1678.172100
2829.003549,4042.183254,1686.280396
2829.588470,4711.456619,1606.421446
2829.733633,4939.578789,1532.948733
2829.834304,5070.999151,1440.799444
2830.619266,5288.154492,1316.250541
2831.656461,4043.310317,1670.461250
2835.696612,3300.349512,1814.106009
2836.453130,3445.052348,1782.090373
2837.158240,5154.518548,1395.922958
2838.093689,5219.331136,1384.955727
2840.500692,5074.844956,1438.267378
2841.503884,5116.780735,1424.704331
2843.407450,5119.764662,1424.356323
2845.484615,5198.768537,1364.101558
2845.906937,5103.179774,1432.473981
2846.388219,4932.532358,1471.735303
2848.806348,5016.411732,1446.080984
2849.556129,4862.976615,1552.599299
2850.421141,3400.841801,1794.625660
2851.045573,3361.764821,1802.406746
2851.218991,2300.429743,1918.881028
2851.936039,2740.320471,1831.573245
2852.130402,2933.630253,1829.822197
2852.627085,5134.023807,1418.602281
2853.031188,3441.819730,1775.380831
2853.426062,5116.470113,1413.524735
2853.454104,5194.228808,1354.199333
2856.705084,4032.885845,1673.364638
2856.863038,4850.728164,1545.492892
2858.482848,5188.325426,1387.493831
2858.726747,3435.151719,1776.071913
2858.896652,5141.743962,1373.789823
2859.401378,3453.957733,1770.273812
2860.761904,5247.340919,1334.787360
2863.031043,5270.349052,1326.309593
2863.134183,4065.360472,1666.944700
2863.503098,4941.576084,1454.340727
2864.441950,3172.339392,1819.808543
2865.890791,5082.984407,1424.479545
2866.312112,3387.642341,1801.924954
2867.905596,4843.646841,1560.225619
2868.816580,3341.782011,1798.279273
2869.171562,3269.506976,1809.305647
2870.975411,5115.677664,1416.190362
2871.180041,3400.520980,1795.608188
2871.561908,5089.807599,1420.261908
2871.921256,4915.097223,1516.390307
2872.624526,5097.753983,1411.041368
2875.050949,5021.587611,1439.184481
2876.959126,5085.498755,1415.742512
2877.093330,3593.891228,1710.459143
2877.785669,5096.965166,1402.842822
2878.728113,3683.341093,1699.844769
2880.327416,5021.631937,1426.186512
2880.855128,4947.956765,1453.931964
2881.815433,3392.307814,1795.209602
2882.207421,3651.300209,1699.197218
2882.818955,4935.528799,1447.323324
2883.192067,3444.004022,1772.735334
2883.478892,4859.580730,1462.841351
2884.106116,5113.058377,1385.565486
2885.454847,3431.947174,1777.018526
2886.081003,3660.825034,1698.324632
2886.467917,5053.206620,1397.798363
2889.322041,4897.757776,1462.496819
2889.969626,4757.020036,1571.933623
2890.068725,3640.023229,1699.172354
2890.507872,5044.031625,1388.623372
2891.451374,4911.792692,1445.546469
2892.958095,3659.172571,1695.816050
2895.407470,3670.412920,1694.312948
2895.822344,5022.045398,1403.241619
2896.075078,5000.852223,1406.035052
2902.403221,4701.731033,1487.425383
2905.158150,4624.436136,1525.347120
2906.682345,3660.586397,1694.191292
2909.214802,4638.782011,1511.036509
2909.223946,4874.786955,1444.694288
2910.176060,3220.403372,1803.955656
2910.352471,5056.488270,1373.696087
2910.996937,3400.826081,1781.485704
2911.498834,3701.169769,1688.902390
2913.824676,2977.963111,1806.206173
2914.910229,3393.895797,1783.720057
2915.386192,4863.657638,1451.687119
2917.193933,2312.945366,1903.678389
2918.166452,4995.001629,1410.747983
2919.628576,5025.541243,1395.863954
2919.945736,3648.329826,1698.946246
2920.073145,3408.870480,1780.752282
2920.525982,4851.936344,1469.247643
2922.425853,3481.314349,1755.353218
2922.800194,3689.759113,1689.628597
2923.532317,3710.612798,1687.683619
2923.861298,4820.786921,1460.314198
2923.885184,3417.526483,1771.228638
2924.985497,3406.874581,1760.701731
2925.827137,3033.584013,1802.484545
2927.564860,4745.508138,1454.007980
2929.503438,3594.518386,1694.706757
2932.147678,4872.372741,1431.869647
2935.758776,2391.240391,1897.261560
2938.299422,3397.368818,1781.872530
2943.164954,3591.197943,1688.126695
2943.336276,3692.543534,1675.955070
2946.208750,3663.094361,1684.042443
2946.836287,3171.193014,1800.492280
2947.802464,3266.912142,1794.856213
2948.180572,3668.884810,1672.171133
2949.166164,3523.256075,1735.472839
2949.959365,3434.445346,1758.229950
2950.496886,3596.806355,1686.913341
2952.759719,3507.258242,1732.966088
2954.201898,3714.149024,1671.900737
2955.626232,2863.994784,1803.740797
2956.291575,3093.178494,1792.638549
2957.486691,3667.105047,1679.738080
2958.550572,3483.978345,1750.417549
2958.903351,3396.659969,1769.060655
2961.552824,3043.517586,1793.560935
2963.025079,3500.371938,1741.969252
2965.092600,3401.982351,1766.927790
2970.368445,3680.567844,1671.033733
2970.538403,3468.934342,1732.073699
2973.002871,3500.124828,1729.564936
2974.098436,3520.295506,1723.954213
2978.616443,3460.025791,1744.444322
2981.385243,3704.883478,1669.055430
2983.458466,3388.882427,1758.728381
2983.479811,3520.130437,1726.682695
2985.100884,3732.244214,1668.007457
2987.916703,3593.021530,1676.896821
2990.035539,3588.524796,1684.202860
2991.869635,3623.146172,1674.133467
2992.393256,3541.166992,1714.186271
2998.253289,3453.267935,1741.359862
2998.743639,3500.867020,1729.503196
3002.576351,3460.083375,1730.706915
3003.643744,2447.265995,1881.091070
3004.764971,3456.716156,1740.922736
3006.728950,3605.093567,1673.927638
3007.553092,3462.783255,1723.289406
3008.291707,3303.427649,1787.719336
3008.700183,3703.152138,1665.810316
3010.309183,3738.720961,1658.908484
3012.901729,3449.506589,1742.096736
3013.446446,3393.584874,1747.940597
3014.283331,2918.363601,1785.208256
3014.754435,3510.719536,1718.030993
3015.500514,3685.475045,1660.370177
3018.614240,3451.517989,1739.418739
3020.628871,3728.355401,1657.285077
3020.719134,3418.568660,1740.292295
3023.686994,3637.093343,1671.323172
3024.535902,3562.508841,1683.871112
3024.981119,3523.836083,1709.245305
3025.720184,3218.198367,1783.488998
3026.520173,3256.565231,1781.962311
3029.885572,3560.842056,1706.734819
3031.637515,3633.131769,1666.348393
3032.487316,3552.730113,1706.758002
3033.996209,3170.577677,1778.208486
3037.034258,3757.369706,1655.133621
3038.675820,3507.569912,1709.813544
3039.192271,3397.565100,1743.044698
3040.805084,3495.426737,1722.634360
3041.426460,3594.340559,1660.255872
3041.896389,3582.073002,1669.967632
3042.266177,3446.221864,1736.622348
3043.539179,3580.219588,1669.356778
3043.576058,2441.465247,1863.044428
3045.969658,3482.321202,1719.993496
3048.030486,3574.170818,1672.513349
3050.898098,3433.145632,1736.723858
3051.375617,3447.915520,1731.741629
3054.564545,2428.810655,1867.327000
3059.652885,3622.382700,1654.933634
3059.746853,3333.748882,1770.545795
3064.018544,3387.490590,1737.410773
3065.927027,3658.004513,1654.072015
3067.298918,3446.378012,1732.448876
3067.519431,3326.896736,1766.068786
3069.759574,3305.031540,1770.059750
3070.687800,3412.633161,1730.328940
3077.354259,3297.484643,1771.552653
3078.915203,3288.737414,1776.518810
3079.845832,3317.340133,1766.759019
3080.123338,3390.566044,1720.689466
3082.795829,3602.816233,1650.757064
3083.195404,3657.884298,1641.925363
3084.417600,3554.834498,1692.584675
3087.420485,3362.095674,1757.569212
3089.589053,3566.258707,1680.783120
3092.570606,3340.763116,1758.575679
3092.860959,1769.506204,1870.722411
3094.774699,2476.755833,1841.037683
3096.085084,1712.510949,1867.077736
3098.750846,3333.589826,1758.867926
3101.750475,3593.368757,1649.459661
3102.351265,3411.473808,1718.726767
3102.411490,2020.630790,1853.829677
3103.713990,3654.733049,1628.118327
3104.812376,3448.154305,1708.030491
3104.993255,3329.075032,1765.139993
3105.855125,2468.558768,1853.204038
3107.251569,3744.944863,1577.287543
3109.987196,3559.347479,1683.881590
3111.351803,1848.137229,1866.953143
3111.819996,3519.122673,1686.357707
3112.044735,3267.525439,1770.358473
3112.274445,3231.300460,1759.286223
3112.363451,2091.126225,1848.920415
3112.448910,3203.652244,1762.702728
3113.695670,3343.925234,1758.270067
3115.336386,1924.653344,1861.181290
3115.576044,3552.408389,1661.468044
3115.977026,3712.494549,1610.878477
3119.596164,1932.235183,1856.972227
3121.134357,3660.425569,1611.887428
3121.260280,1687.952720,1857.308545
3121.302171,3383.394991,1748.695587
3124.266696,3337.039887,1753.770020
3124.820644,3387.434657,1736.141896
3126.270707,3351.458078,1749.867256
3127.660187,3326.481421,1749.502185
3128.400049,2036.068303,1844.412554
3128.618456,3506.798204,1670.272439
3128.682917,2001.216799,1854.434620
3128.832165,2503.560721,1839.453454
3128.995183,1852.310761,1854.579486
3129.465817,3510.167249,1668.017252
3130.237994,3701.229821,1604.646569
3131.665065,3175.210480,1765.137036
3132.330433,3762.200912,1572.832366
3132.680987,1651.954125,1855.651941
3133.435031,2470.179089,1842.795276
3133.653577,2015.741750,1847.835865
3135.110225,2488.787103,1840.591899
3137.522105,2002.591984,1844.632099
3139.216437,2476.556377,1837.680137
3142.802870,1988.615625,1847.035721
3143.579828,3400.025215,1706.283544
3143.630313,3768.513839,1571.766079
3144.517990,3690.504182,1601.293212
3144.852695,3742.108978,1575.707476
3146.825880,3579.331237,1658.984387
3149.315180,2510.468735,1831.812640
3149.362245,3216.735179,1761.570452
3156.634103,2448.933663,1836.942714
3156.982246,3161.765258,1763.662230
3158.291112,3542.932149,1635.978123
3158.819259,3708.854861,1597.735785
3159.237197,2465.072339,1831.788045
3163.299675,3367.941992,1745.504585
3164.762864,2461.035113,1830.742510
3165.436337,3674.530738,1592.771821
3167.896357,3808.175207,1564.991038
3169.741116,3051.841363,1767.883542
3172.364345,3346.793092,1738.525712
3172.453706,3337.564499,1741.076348
3172.809405,2464.249259,1830.288091
3173.781462,2313.019669,1830.396445
3174.356062,3733.453304,1575.865299
3174.830686,3385.664173,1726.515648
3175.164805,3046.139668,1770.085590
3175.931169,3137.365892,1753.259747
3180.036365,3319.106544,1737.922812
3180.850402,3702.784060,1590.469933
3184.957972,3764.762433,1567.160911
3186.062853,3414.647086,1704.884270
3189.273451,4359.191129,1118.491257
3191.175596,3758.381623,1573.070468
3192.442892,3390.270028,1703.567123
3196.339572,4362.621675,1107.974767
3202.593134,3342.451236,1732.051734
3202.935879,3703.352112,1583.719258
3204.363039,3136.358829,1756.609009
3204.462142,4360.068199,1099.848543
3206.119534,3132.470341,1765.649052
3207.084105,3340.679760,1711.884286
3209.382338,3347.394358,1708.220919
3211.076538,3056.775842,1763.877135
3211.852979,3067.744501,1761.409896
3213.728789,3680.754265,1583.510589
3214.150018,4372.558524,1097.318160
3215.913332,3327.956860,1731.211739
3216.860766,3125.107745,1761.220261
3217.734495,2621.807913,1829.791559
3218.552956,3727.536259,1572.731870
3219.180767,3306.153698,1725.339510
3220.442258,4360.986046,1092.973901
3220.949844,4340.930757,1099.326308
3222.189624,3723.581321,1563.399976
3222.333019,3106.670899,1758.851975
3223.031820,2530.185425,1826.147938
3223.941927,3771.276735,1560.084314
3224.153127,3707.179757,1555.283242
3224.343315,4351.810144,1090.625546
3230.462112,4339.521692,1099.107311
3231.504685,3337.894161,1710.017016
3232.305446,3087.825575,1748.509100
3233.031144,3317.661831,1704.322024
3233.313111,3111.122100,1741.328075
3234.961597,3366.669491,1696.384800
3235.556366,3316.741418,1725.143853
3235.880302,4350.227454,1090.558251
3238.397316,3705.315039,1558.826920
3238.621662,2636.474187,1823.655331
3239.999867,3318.471977,1703.871730
3240.956034,3309.254559,1722.520402
3241.848677,3087.689909,1752.931627
3242.919463,3338.451935,1693.187078
3243.928052,3269.170775,1706.764641
3243.929267,3322.375347,1698.683399
3248.451977,3075.744065,1747.024477
3250.211128,3078.573636,1744.070227
3250.557999,2633.342125,1818.492038
3251.254001,3053.008666,1749.887941
3252.536998,2620.734538,1823.476831
3254.336081,3294.588230,1698.843169
3254.405636,3714.968027,1549.546208
3255.482099,3260.651475,1708.233655
3259.106459,4362.526080,1090.160608
3260.357452,4352.460897,1089.884020
3264.018328,3345.301216,1679.620395
3264.183917,4362.152627,1089.831902
3265.873678,3339.648886,1688.630368
3265.896972,2605.568999,1812.409385
3267.077435,3072.032747,1735.929629
3272.198474,3322.363746,1687.200266
3275.850883,3280.935921,1686.551311
3277.606959,3246.195196,1700.811532
3279.260115,3321.232333,1683.925706
3282.958799,4335.725827,1105.959681
3291.087287,4298.597013,1116.024127
3291.124382,3313.013024,1684.028528
3294.570466,2651.915841,1809.850852
3297.810747,3302.160200,1675.246811
3298.469628,3262.649225,1672.381305
3299.659481,2695.122538,1795.783658
3301.235247,2681.639774,1790.105545
3302.521369,2473.217929,1786.778285
3304.767123,3317.033208,1670.100280
3307.596146,3322.382232,1668.507914
3310.571043,3318.089424,1666.635232
3311.684075,3277.155673,1671.739592
3312.212427,4333.879784,1095.611707
3313.720723,4300.232877,1091.424734
3316.057793,2520.926101,1783.813869
3316.273279,3318.787398,1661.480461
3322.144056,3297.615733,1667.503897
3325.582365,2464.575455,1783.777666
3326.485963,2518.947018,1774.538179
3327.622522,2514.210735,1782.984652
3329.248833,2540.615241,1770.028123
3336.096939,4289.436907,1109.878802
3337.111288,3302.933778,1663.586553
3340.572488,2479.801510,1779.542378
3350.648847,3311.204794,1655.018785
3356.090786,2440.970246,1757.759311
3358.623734,3182.856598,1641.174416
3361.528417,2460.708671,1747.479943
3365.836528,2428.897771,1758.534305
3368.607288,4201.157687,1120.253327
3375.290565,2445.479604,1747.698548
3382.088821,4224.053895,1093.418059
3384.679851,3212.572451,1640.746260
3386.895904,4226.812092,1078.064320
3387.785323,2770.426182,1713.962861
3390.205739,3238.657701,1639.714768
3391.037845,4207.841364,1117.378310
3392.930296,4216.682664,1104.735782
3394.226608,4205.573776,1110.294789
3396.227301,3090.773392,1561.240485
3402.013000,2818.261463,1702.362189
3409.815669,3796.400636,1404.607466
3412.017041,2814.910762,1698.660623
3413.185838,2809.541611,1700.551712
3416.018744,4027.080411,1253.885636
3421.691272,3126.511497,1559.266901
3425.783869,1634.833135,1802.447587
3427.619853,3755.786480,1409.938138
3428.810734,2846.652810,1692.610501
3430.147972,4121.138410,1226.531266
3433.632071,2824.892635,1680.218905
3435.147359,3785.052489,1405.454311
3439.005937,1651.779714,1797.435997
3441.601762,4091.695759,1233.043915
3442.411398,3758.446354,1404.183419
3442.567691,1636.851290,1793.042675
3444.394808,3756.005856,1405.048806
3446.109449,3159.246387,1550.189170
3447.377057,3776.986081,1404.029591
3448.410734,1683.861908,1780.141867
3451.793702,4199.734195,1197.790757
3454.251583,3742.393843,1403.847655
3454.786820,3197.261875,1547.588005
3456.434255,3218.671257,1544.039506
3457.883463,3729.645867,1401.476811
3458.454007,3781.126846,1391.469736
3458.605911,3764.088894,1395.142943
3460.236699,3038.389593,1645.934281
3461.599697,3037.437345,1645.528969
3463.680237,3217.242984,1543.814808
3465.811922,2889.943131,1653.059071
3465.986818,2923.718209,1640.136280
3467.014849,3737.652166,1393.142779
3468.365919,4149.265545,1214.065836
3468.427805,4085.959071,1222.549718
3469.726663,3763.393653,1391.602148
3470.266880,3009.324313,1634.573143
3473.940793,4020.877873,1221.327294
3475.003176,4048.237028,1212.112209
3476.964722,3020.516653,1629.943666
3478.778977,2930.694756,1632.184202
3478.999849,3770.768155,1370.344818
3480.629537,3740.938591,1387.976798
3481.941987,3043.441464,1621.515326
3483.749106,2736.269072,1707.792074
3485.201315,3733.592779,1400.710213
3485.680965,4163.414542,1211.465185
3487.415343,4075.627155,1180.136220
3488.288182,4165.032912,1162.378738
3488.350119,4017.503747,1231.174186
3490.573113,3066.830561,1618.749208
3493.131432,3768.746997,1364.215807
3493.227704,4047.846464,1221.088245
3493.918297,2868.088616,1670.332402
3496.243983,4038.355165,1204.502526
3496.475698,2734.643946,1707.986490
3496.664800,4008.613402,1207.904879
3497.474295,2712.507717,1700.752330
3499.743652,4164.316762,1164.027893
3500.292538,2814.095835,1660.579090
3500.543148,4100.656440,1131.273138
3501.294514,1733.309302,1766.690842
3505.708845,3266.336342,1533.397376
3506.769150,2762.581876,1697.437485
3508.356150,4111.098968,1125.861460
3510.239356,3044.341195,1597.459538
3510.242850,4017.455419,1203.779650
3510.408665,3259.109463,1521.499725
3511.645825,2707.437272,1697.161411
3513.535894,3151.643004,1534.653056
3515.340035,2690.712329,1690.158070
3518.065877,3063.664526,1591.071301
3518.337320,2748.433863,1688.807651
3519.175752,2893.871059,1651.217088
3519.551102,1764.047964,1757.787200
3524.409603,3780.506043,1357.142864
3527.482028,1757.619105,1744.026143
3527.674117,3775.685680,1363.460674
3527.946142,2860.297064,1651.378299
3528.087323,3058.737167,1580.928038
3532.594316,4081.173099,1177.722886
3534.706134,2759.599118,1687.540976
3535.273971,2799.595631,1629.280789
3536.339260,4038.526696,1202.455435
3539.341855,3185.452934,1529.914060
3542.674301,3038.413039,1565.385528
3544.463508,3035.058667,1557.775213
3544.619161,3741.114080,1359.967549
3548.372094,3758.038250,1356.145153
3548.529177,3276.105383,1511.963092
3556.402789,4039.482730,1177.681264
3556.516204,1779.685099,1736.580332
3560.863293,4019.454082,1166.782148
3563.358405,2794.211161,1670.055464
3564.843347,3224.155974,1514.691963
3565.782515,3058.636461,1554.790954
3567.019203,2792.928740,1670.964683
3570.413812,2776.950713,1663.325942
3573.482903,3814.017177,1344.275869
3576.519746,2940.237258,1628.955037
3577.619293,3977.226351,1128.262062
3577.942443,3911.484292,1157.242665
3578.345129,2946.678219,1609.085234
3579.820180,2898.087179,1618.203582
3580.108847,3052.791910,1541.762713
3581.612334,1867.088944,1731.868875
3582.988560,3057.685307,1540.735591
3583.084820,3029.978508,1589.178975
3583.279708,3967.645976,1131.863333
3583.682422,2872.709533,1594.491081
3584.270929,3166.117323,1516.883832
3585.828887,3034.665517,1548.577220
3585.880446,3881.905213,1123.449622
3586.294179,3793.953485,1341.260796
3586.890731,3029.507372,1559.564984
3586.957916,2780.678570,1649.468927
3588.254249,3403.219154,1355.168680
3588.924947,3221.308471,1516.879507
3590.004176,2974.217234,1577.285527
3592.333213,3774.263285,1355.092057
3592.851195,3319.091464,1438.971183
3593.998918,3296.828492,1484.759250
3594.934200,3820.245752,1338.206865
3597.322812,3252.317597,1504.520936
3598.019736,2740.844935,1651.218186
3598.334314,2988.399544,1551.873579
3598.730823,3073.331607,1533.850973
3599.370277,3227.552323,1512.867518
3602.483014,3299.492451,1478.624562
3602.575152,2756.179640,1639.748358
3604.723601,3195.760451,1495.975609
3604.912608,3261.441698,1484.024125
3605.659630,3043.521249,1531.721104
3608.366199,2997.138360,1535.587166
3608.817622,3062.314325,1526.889414
3608.914658,3765.003215,1350.416009
3610.391016,2755.773584,1642.319273
3613.004928,3760.694311,1347.665502
3613.831420,3005.631773,1524.422100
3615.463246,1885.158431,1723.531232
3616.865494,3054.240608,1520.824117
3617.090229,3797.580954,1328.942065
3617.312163,3699.940182,1343.621539
3617.731432,3180.523591,1491.062137
3622.642199,3809.220301,1328.376726
3623.117502,3674.466446,1344.036697
3623.982625,3079.344450,1519.940531
3624.810019,3771.411741,1338.739431
3625.230012,2702.301928,1625.600521
3625.313995,1967.906787,1627.167346
3629.213666,3684.125954,1342.182096
3630.118688,3746.215361,1336.900113
3630.213604,3257.791805,1483.449843
3631.776271,3759.580529,1333.383506
3635.001236,3749.454852,1335.202384
3635.103202,3203.030244,1472.826930
3635.353952,3747.086824,1335.818456
3636.061433,3354.172434,1430.986269
3637.125364,3316.250002,1442.344067
3638.710431,2696.930883,1627.111639
3639.611065,3745.915218,1336.876561
3643.639203,3801.235891,1326.693516
3643.678865,3244.983530,1450.483857
3643.683715,3335.034059,1432.552496
3644.910877,3225.892920,1464.223943
3646.665447,3491.892317,1339.626408
3647.399171,3778.244375,1333.330579
3647.811884,3132.503472,1505.115250
3649.852874,3238.477816,1430.556674
3652.242861,3771.313982,1328.860809
3653.493170,3407.104171,1334.523889
3653.668747,3795.542437,1327.378403
3653.907612,3431.047524,1334.379874
3653.984579,1860.164616,1674.798232
3654.957122,3127.819618,1513.431799
3654.992995,3311.456770,1411.901454
3655.160452,3523.046548,1328.528763
3658.157368,3043.529822,1506.862179
3658.478458,3217.407133,1450.760286
3659.134695,3414.804879,1326.834689
3660.546830,3776.584100,1326.809826
3660.885417,3847.912611,1314.526001
3661.250778,1479.775418,1708.783034
3663.095904,3196.165607,1469.671801
3663.621809,2808.520665,1625.293440
3664.045809,3750.437488,1326.727463
3666.399514,3235.772474,1445.378487
3667.443678,3154.482918,1465.869463
3669.584816,1809.857423,1664.906701
3670.294947,3176.990275,1458.869830
3670.830956,3424.243924,1319.042076
3671.488013,3338.974846,1382.486941
3672.122232,3003.812034,1521.097905
3672.883386,1949.213097,1656.033396
3673.229699,3836.526330,1313.071684
3679.380721,3057.789064,1503.519624
3679.802950,3023.599558,1475.957991
3681.195004,3828.523044,1310.263806
3681.691214,3417.347874,1324.904953
3682.041804,2999.684723,1472.417932
3682.743703,3400.194105,1331.547310
3684.400275,3015.300143,1458.338938
3684.947342,3007.862635,1468.175660
3685.594503,2982.202677,1514.103713
3686.324157,3354.038233,1372.795199
3686.645968,2783.164865,1613.062159
3686.977709,3003.198570,1466.099845
3687.166034,3230.326009,1438.828534
3687.400272,1965.647155,1635.366273
3687.441551,1653.849369,1668.507973
3690.277914,1511.377099,1678.467626
3690.501613,1490.693390,1704.440764
3691.221399,1961.031448,1656.027255
3691.417993,3122.666342,1444.434349
3691.930251,1948.895430,1639.476139
3692.155314,3377.104212,1333.953333
3693.796221,3825.475645,1305.980481
3696.396103,1369.030230,1697.618977
3696.511910,3022.238558,1447.443047
3697.852283,1627.772265,1676.183826
3698.094143,3743.060484,1311.196493
3698.373840,2774.941614,1595.463535
3698.775787,3378.788743,1325.943008
3700.661813,1905.053925,1650.468510
3702.229479,3357.951907,1320.924212
3703.632657,1435.821429,1686.031192
3703.886991,1954.573613,1629.846902
3705.777184,3356.572975,1337.400625
3705.798197,1917.397678,1639.073978
3706.081538,2677.921351,1578.137742
3707.468312,3781.196308,1310.577260
3708.538044,3133.449931,1434.126819
3709.089272,2931.418202,1536.191015
3711.800773,3830.120068,1293.113285
3713.663004,2943.480453,1536.018517
3713.680118,3796.030628,1309.311087
3713.757934,1330.895858,1688.399059
3715.820094,1211.036954,1663.934546
3716.154099,3308.282895,1333.717771
3717.736589,3724.016983,1300.224971
3717.963840,3384.856138,1315.303065
3718.274379,3839.737719,1285.932469
3718.480471,3032.474765,1440.626670
3718.534445,3734.861867,1298.550284
3718.570770,2932.104946,1526.442203
3719.858532,3802.476223,1296.961861
3720.799162,3305.721730,1363.610258
3721.220638,3781.087062,1295.228992
3722.453646,3767.740602,1296.068077
3723.579780,1669.742160,1660.028222
3724.043595,3830.914765,1287.493928
3727.311613,3082.965410,1438.066636
3728.403194,3733.799241,1298.013749
3729.718644,3803.088112,1290.355199
3730.103196,3671.134723,1300.764217
3731.049792,1976.606132,1625.768428
3732.203955,1678.084237,1630.753579
3732.305147,3669.183469,1294.521633
3732.992597,3162.843413,1430.830049
3733.138522,1923.551976,1626.113176
3733.981542,3356.110449,1326.733603
3735.404453,3180.539448,1426.346728
3736.659064,2975.030340,1526.207033
3741.722465,3385.124794,1306.564627
3741.806320,2876.541693,1550.112317
3742.045635,3226.502195,1407.463773
3742.525551,3153.788694,1425.768068
3742.614388,2798.478958,1554.038677
3742.727615,1635.293682,1654.232955
3742.775532,3843.920327,1277.927684
3743.425810,1690.718522,1629.476974
3744.047546,2825.459118,1541.438149
3744.897579,2797.282438,1569.399060
3746.547596,3252.306586,1398.329214
3747.351085,1355.321560,1644.778434
3752.427735,3019.610660,1420.651385
3753.830672,3225.666361,1410.202946
3753.899719,3102.041190,1418.391913
3754.457163,2998.483281,1495.438217
3754.636891,1428.238463,1639.795611
3755.400928,3832.317506,1276.156536
3755.925964,1586.982093,1633.295866
3756.168019,1299.776893,1638.441332
3756.362617,2785.326169,1551.870093
3757.447396,3710.169235,1283.938808
3757.449547,3702.675936,1279.396602
3757.640041,2947.317060,1515.889004
3758.484608,1735.625556,1628.496011
3761.054646,2755.135621,1559.017400
3762.102313,3339.441238,1313.663553
3762.196660,3334.888908,1320.374196
3766.720513,3677.059712,1278.412001
3767.470024,3375.305047,1306.168328
3768.541225,2927.419965,1515.719269
3771.719763,2922.031262,1524.875470
3771.955396,1673.723754,1626.379125
3772.167639,2974.423126,1492.574705
3772.665246,2991.868283,1429.437413
3773.399592,2792.477152,1544.447749
3773.952306,1462.562666,1636.971405
3775.923266,1637.757093,1615.707627
3776.970286,2926.057813,1518.848280
3777.824263,1411.328925,1631.799546
3779.061500,2887.127871,1505.029029
3779.300948,3370.601242,1312.369348
3779.618107,2768.348579,1549.280305
3779.810925,3149.175003,1417.916696
3780.000434,2792.893241,1542.100778
3780.077389,3362.546997,1300.349679
3780.402525,2885.750777,1496.391951
3780.752802,3670.563136,1267.457571
3783.951910,2724.606640,1544.588540
3785.632512,1618.230871,1609.524335
3786.383952,2756.641251,1538.250822
3786.407251,2876.622085,1514.128437
3786.843909,1413.058401,1620.778908
3786.864967,2671.837756,1538.936122
3787.284799,3358.987209,1308.878465
3788.659621,2862.900040,1509.097389
3789.452837,2934.563595,1483.284834
3789.513136,1446.619999,1598.439744
3791.468117,1427.655459,1541.947717
3791.674603,2764.480832,1537.350519
3792.518180,2883.955345,1492.179798
3792.582855,3213.035590,1415.263347
3792.834576,2790.946031,1481.834916
3794.169513,2833.056523,1478.720634
3795.093463,3319.434089,1321.021676
3795.290664,2992.473922,1407.597234
3796.212649,2790.146229,1486.291996
3797.612435,3356.725561,1300.790439
3798.406238,3265.031365,1396.829218
3798.487343,2760.619699,1535.787499
3799.325130,1400.629443,1599.954870
3799.647055,3299.764674,1319.145390
3799.818125,2763.950549,1497.081627
3800.526102,2735.481495,1488.385821
3801.033888,3134.798379,1388.515016
3802.620605,1382.750746,1595.193284
3808.437003,2817.568840,1477.712580
3808.987938,3002.908210,1401.329123
3809.407279,3298.480866,1321.121019
3810.686760,3022.359942,1394.318919
3812.280725,3354.735437,1279.999670
3816.462487,2717.520826,1531.045342
3819.548467,1425.634130,1588.997284
3819.700129,2698.919391,1497.752777
3820.001810,3297.180822,1387.714843
3822.912521,3234.216785,1341.630858
3823.549402,3216.150812,1382.880543
3823.746507,2730.008294,1496.737384
3826.361455,2661.435336,1515.988358
3827.084423,3237.153953,1339.478268
3827.826097,2697.571824,1496.688995
3828.743902,3198.185444,1347.995166
3828.830320,3268.500871,1324.529313
3830.807363,2635.353443,1506.553424
3831.057861,3241.880047,1337.858387
3832.653991,3232.775390,1320.448700
3832.827178,3169.388486,1352.191954
3833.124164,2626.774731,1506.818194
3833.873809,3228.229575,1280.893497
3835.579976,2953.680185,1419.897027
3839.465593,2618.880552,1504.659401
3840.056007,2591.599489,1496.834058
3840.652422,3225.139836,1339.174911
3841.082365,3167.930614,1372.496098
3841.093595,2581.844810,1495.840926
3842.272009,2580.391132,1494.691069
3843.022407,3164.946848,1317.201193
3843.077406,2937.622791,1402.784999
3844.680351,3046.421032,1343.930999
3844.707033,2853.028973,1454.175478
3844.980626,2784.593963,1488.113959
3845.560207,2966.426202,1383.837465
3845.922285,2585.334228,1491.576262
3846.612399,2937.162966,1448.917163
3853.565927,2888.266204,1434.494440
3854.201099,2787.314209,1457.924282
3854.907838,2872.540368,1453.205270
3855.634281,3271.693934,1195.071236
3855.713185,2903.818450,1422.669367
3855.761196,2925.269316,1402.387211
3857.309435,2796.227561,1444.400803
3858.815244,3078.756632,1342.715226
3858.914267,3191.373267,1263.605919
3858.917179,3155.452680,1317.880158
3859.386014,2771.204151,1448.616732
3860.969657,2831.391638,1439.043616
3861.038668,3071.826852,1340.436795
3861.438555,2979.388318,1363.456475
3861.522061,3238.003673,1211.497981
3862.025015,3133.533725,1311.669637
3862.250694,2868.990105,1415.715609
3864.587074,2641.987055,1463.727084
3864.672199,2874.584644,1415.082899
3865.032620,2750.177819,1443.963979
3865.662717,2630.385309,1460.124990
3867.509017,2919.329949,1411.757623
3867.549156,2781.580699,1442.206521
3869.450751,2910.044383,1398.225471
3870.476758,2971.843352,1353.471341
3872.242329,3056.425347,1329.185723
3873.484244,3242.555666,1208.898749
3873.964375,2769.548089,1432.941005
3874.081789,2948.186743,1383.681794
3876.907211,3216.628348,1207.748473
3877.035062,2860.127060,1404.672394
3877.125870,3326.021459,1171.714300
3877.130798,2596.486741,1453.844546
3877.611498,2715.390581,1449.740204
3878.079511,3097.931762,1318.773528
3879.573032,3080.993844,1305.936061
3880.094543,3248.115533,1192.507302
3880.384474,3244.686844,1190.236420
3881.407542,3303.639500,1180.488244
3881.889684,2990.168085,1344.438178
3882.149136,3037.923216,1285.854073
3882.821465,2975.321953,1294.862253
3882.896117,2890.518691,1404.541082
3884.155097,3332.760433,1168.706589
3884.543066,3379.213946,1127.731889
3885.173694,3210.608259,1204.041758
3885.897931,2925.263483,1395.111339
3887.453814,3277.024676,1180.686806
3887.933124,3241.117284,1188.318906
3888.033927,2746.787803,1415.578650
3889.648832,3215.826149,1203.900956
3889.875305,3290.865171,1174.551737
3892.626048,2649.617287,1449.488034
3892.997249,3269.046475,1176.124465
3893.939751,2373.302650,1485.943958
3894.299561,2394.322540,1481.884697
3894.631852,2635.592661,1431.745790
3895.370155,3207.370280,1207.459547
3899.181818,3304.105739,1172.480394
3899.697210,3176.052648,1220.301003
3899.873012,3002.925320,1253.008994
3900.730396,2372.410023,1482.051792
3903.144066,2608.595471,1419.944561
3906.868275,2736.215519,1404.181787
3907.091919,2886.323387,1390.552918
3909.107329,3341.636342,1134.875630
3909.414990,2711.403324,1391.631291
3909.785597,3221.225261,1199.974109
3911.281227,3186.939952,1212.226710
3912.147050,2347.249650,1484.066345
3913.097845,2733.495976,1387.183412
3913.963157,2831.276059,1382.533645
3914.488493,3195.274275,1184.646486
3914.620275,3318.785896,1171.190478
3914.842545,2579.931184,1425.823394
3915.792281,2546.154900,1438.190659
3915.984601,3297.535640,1170.432373
3916.108991,2701.082067,1389.854764
3917.324230,2620.278599,1411.156268
3917.622871,2637.003032,1392.137740
3918.310088,3181.354615,1199.357833
3918.375317,3249.594970,1181.590069
3919.398629,2553.052937,1428.460860
3919.701476,2500.400463,1444.608690
3920.550887,2833.070656,1364.781616
3922.850509,3277.766832,1161.200248
3924.588227,2490.566363,1386.378192
3925.092651,3255.589056,1176.217443
3926.854407,3107.117672,1243.631179
3930.098423,2472.524841,1420.249234
3931.018402,2282.114734,1476.461617
3932.806698,3231.956078,1164.711602
3933.090108,2318.480755,1461.204581
3933.313540,2146.088266,1474.080656
3934.134854,2252.790911,1474.021386
3936.993776,2822.510745,1382.123806
3938.021728,3214.595803,1160.391845
3938.088463,2880.280587,1237.304132
3938.324021,2318.657382,1453.370202
3938.695298,2313.540629,1455.659374
3939.222937,3077.827728,1216.125332
3940.053448,3033.665846,1230.712599
3940.467230,2768.567037,1363.142704
3940.506855,2854.047167,1346.225158
3941.065740,2107.190491,1459.524999
3942.049635,3083.270244,1209.214255
3942.489141,2765.025561,1333.917500
3942.764325,2448.021538,1421.290834
3942.927688,2761.047220,1349.694740
3944.450100,2412.733594,1413.270423
3945.617262,2376.502293,1415.868036
3946.698697,2838.250812,1230.110891
3947.903990,2429.216938,1412.605819
3949.069546,2310.805283,1445.651355
3949.375356,2736.570709,1329.519751
3950.102325,2716.820291,1329.258301
3952.503881,2271.070309,1437.304328
3953.325499,3062.527718,1223.719560
3955.023138,3075.497044,1220.573131
3956.038646,2916.798243,1213.357834
3958.665008,2374.216109,1398.842407
3959.746582,2371.996415,1414.999592
3961.651601,2332.255734,1400.211910
3962.171379,2214.994752,1432.500978
3963.186973,2041.388688,1430.180791
3964.988376,2914.276512,1219.255242
3965.428735,2315.777937,1395.167948
3967.019648,2686.589966,1240.668697
3968.210200,3022.222203,1208.466039
3968.533329,2585.436215,1243.342250
3972.791054,2302.050376,1390.726615
3973.466503,2933.074422,1202.370997
3974.431674,2859.774802,1228.081411
3974.599096,2377.190699,1291.218705
3975.968975,2389.039297,1242.209675
3977.646314,2307.046634,1387.351101
3979.369445,2890.176798,1227.520015
3979.900044,2332.867351,1265.418458
3984.459910,2791.987686,1232.356779
3985.707286,2325.463820,1281.732600
3987.688909,2235.330843,1410.638281
3988.095196,2264.192926,1393.982435
3988.776961,2279.336834,1295.688552
3989.526360,2309.600701,1278.918511
3992.524776,2277.426580,1275.231683
3992.962600,2276.508279,1282.595553
3993.610704,2908.565808,1218.597477
3996.234086,2903.549145,1227.167803
3996.449098,2195.991848,1284.180178
3997.589669,2184.393215,1394.953339
3998.476329,2172.728533,1354.634648
4000.059470,1889.567962,1352.941476
4001.631201,2848.916269,1215.265035
4003.021211,2093.079261,1283.318869
4005.130512,2710.137487,1232.742122
4005.496720,2666.810893,1238.895893
4008.180043,2598.369830,1241.099527
4008.964709,2858.156634,1205.892165
4009.060468,2634.510173,1209.878641
4009.228360,2583.516185,1210.064506
4009.760149,2576.140883,1213.522772
4010.023596,2836.793345,1208.122300
4010.449772,2855.473325,1205.468375
4011.283561,2565.507931,1216.589945
4011.301951,2089.598838,1286.547970
4011.995013,1982.606276,1352.234073
4013.334867,2559.575595,1225.303929
4015.126588,1957.157306,1331.153155
4016.292767,1981.186722,1329.866034
4016.783626,2847.608412,1202.640484
4017.783932,1958.608011,1328.291457
4018.453517,2521.841579,1218.883879
4018.863931,2515.947470,1212.095247
4018.954485,1926.713496,1319.806026
4021.318040,2816.313907,1202.195908
4022.328864,1785.855397,1319.298069
4024.314620,1922.909705,1310.678796
4024.593908,2515.299065,1213.163892
4025.165229,2486.883995,1209.655057
4028.420606,1785.768283,1313.548868
4029.919716,1857.848617,1293.462164
4030.433045,1812.780360,1309.973489
4030.629258,1880.992112,1255.440499
4031.063158,2634.451683,1175.717817
4031.262408,1793.391139,1308.123540
4031.782933,1803.986120,1299.932687
4032.230077,2481.610202,1195.131204
4032.974623,1783.854427,1302.468163
4033.213136,1771.881923,1297.539187
4033.374105,2477.648604,1200.619825
4033.444022,2623.124304,1173.118734
4033.650974,1788.657887,1296.591185
4035.861598,2534.950778,1161.446444
4036.079378,1762.001828,1298.581285
4038.230237,2473.353475,1197.312618
4040.882587,1763.645439,1294.985475
4042.501848,2444.463456,1185.805906
4044.471636,1602.670063,1215.543418
4045.935882,1622.770059,1178.714727
4048.421763,2356.717410,1174.934180
4052.625152,1907.333562,1097.364149
4055.050538,1834.090938,1101.508843
4055.401723,1601.324145,1188.649033
4055.762169,1453.945915,1163.096436
4058.680574,1755.330518,1108.042801
4058.806654,1918.044474,1097.180998
4058.909395,1481.595355,1149.161566
4059.656917,1731.425469,1086.447044
4061.769135,1727.425827,1108.397654
4062.019399,1652.594379,1092.824454
4065.080420,1529.787332,1094.451757
4068.202129,2162.345412,1056.414858
4071.104015,1588.895331,1092.454440
4072.381171,1638.367975,1087.952039
4072.929959,1974.459190,1085.897317
4079.963861,1983.743122,1082.308100
4081.134352,1936.866504,1070.241384
4083.200468,2160.974520,1060.790804
4084.416899,2030.632957,1057.635984
4085.005085,2079.982227,1029.177552
4089.082895,2035.333730,1035.245332
4089.126843,2067.737378,1013.643369
4089.281924,1996.503804,1057.107774
4095.317695,2039.571316,1019.722403
4099.764713,2016.621011,1030.478045
4102.750433,2005.714748,1040.005347
