1170.399480,2557.775547
1124.934573,2520.377043
1198.157615,2515.232358
984.176526,2450.239783
1005.738177,2500.790235
1078.293104,2562.695594
1161.947621,2514.946991
983.966601,2564.725666
1029.830297,2519.875839
1087.170008,2562.110677
1127.401365,2530.194013
977.947011,2540.401266
1052.264931,2537.109054
1016.036898,2530.392116
978.716863,2507.528757
892.179144,2275.111453
1026.582033,2560.230397
1120.686434,2579.927088
909.752195,2637.561580
1014.673967,2513.815855
967.590922,2507.397556
942.126064,2523.052390
1040.788185,2517.239260
986.121503,2557.901186
946.825474,2578.740206
875.256870,2513.346364
949.442678,2623.278493
811.336839,2642.542955
815.856076,2614.756355
784.804371,2633.375839
887.727673,2489.654441
870.995015,2607.684271
797.710133,2656.230001
774.643444,2593.682779
908.886051,2603.472668
726.118331,2592.516111
806.269471,2604.441050
901.156775,2593.346887
867.425709,2638.065493
823.826256,2555.448441
1256.027541,2483.310288
1197.565090,2507.225762
1177.272393,2513.642907
1188.615798,2473.557563
1225.094642,2542.976527
1139.760398,2530.748090
1145.932277,2501.316035
1205.851169,2531.629253
1080.849957,2524.716436
1222.468137,2489.785228
1192.345489,2562.497583
1224.330995,2492.418562
1179.908407,2579.611983
1195.607786,2565.531125
1076.384656,2538.189971
1111.564405,2517.675897
1109.325220,2542.450475
1211.000180,2333.623964
1081.094398,2576.146912
1087.426079,2518.592106
1174.877445,2519.081777
1113.099064,2548.833294
1124.093711,2527.233609
960.643515,2530.291594
1141.404523,2514.919867
1016.680399,2549.229088
1046.502761,2546.599667
1059.709785,2582.324488
979.880093,2547.511936
1043.848628,2571.902169
1110.202854,2514.131003
965.736532,2547.629458
1029.632854,2504.288537
1128.721366,2474.539378
1094.280492,2593.938308
1074.855666,2567.968101
1025.539515,2530.578434
1084.766921,2539.018975
1075.412661,2532.600950
1048.346524,2577.242077
1592.874370,2304.765910
1516.945021,2321.221046
1538.282035,2358.280809
1547.419814,2268.230852
1595.313904,2262.786132
1639.328768,2259.885491
1572.883794,2239.004276
1628.802703,2333.133221
1629.223028,2175.401111
1525.664561,2361.900424
1515.434939,2376.738271
1558.213180,2376.589288
1369.629168,2351.415736
1590.289610,2293.691596
1544.620904,2341.905659
1588.153492,2207.254902
1531.917491,2309.000258
1562.717033,2237.397155
1449.681707,2333.418964
1629.422378,2335.055511
1495.185675,2338.607737
1490.666889,2363.072559
1560.047245,2368.333724
1449.597152,2325.967054
1506.994049,2329.662240
1548.648191,2295.534415
1589.730889,2401.562448
1547.005231,2337.233254
1489.306879,2329.939139
1424.861806,2383.138061
1683.014695,2298.231680
1541.573650,2349.228212
1519.641064,2392.825722
1486.904280,2350.733691
1516.147161,2363.491337
1522.008114,2354.541908
1607.769732,2383.525081
1499.973401,2186.508120
1441.430617,2391.693495
1542.468881,2399.959020
1967.153285,1928.323342
2074.688858,1941.332025
2092.158025,1915.521661
2047.630575,1904.401251
2089.739547,2000.697140
2085.283972,1993.011564
2143.466195,1918.833481
1969.306712,1916.077347
2075.871636,1869.749962
1906.505667,1867.689673
1980.977031,2039.368495
1958.305685,1924.263927
2017.864548,1918.527419
2095.465306,1953.504824
2016.919835,1908.336917
2143.161683,1938.506452
2035.565136,1948.429578
1965.550446,1905.449042
2016.145114,1827.031676
2184.602053,1925.236656
2050.061797,1882.537689
2060.929755,1969.780709
2078.704252,1882.134318
2179.095032,1952.597965
1939.183614,1918.126993
2074.599291,1938.263879
2122.727469,1977.011937
1997.504005,1931.952583
2185.172840,1879.238146
2131.282119,2044.383115
2134.556196,1978.278233
2109.511875,1986.113316
1990.564848,1929.361862
2122.553929,1993.182169
2075.830493,1863.094493
2135.530480,1987.583983
2043.420427,1934.307733
2038.444712,1988.446629
2116.269723,1994.497921
2118.685171,1931.981311
2516.504858,1252.072580
2680.613251,1137.401887
2563.083736,1118.936007
2532.650178,1200.046089
2580.494268,1210.118346
2633.096084,1189.494083
2647.360193,1261.727324
2477.257939,1335.184017
2572.174319,1298.372942
2109.150676,1168.616860
2600.415913,1358.885951
2499.877622,1432.651835
2559.630767,1371.263781
2524.395643,1379.295931
2526.043007,1378.080925
2498.744778,1470.969484
2503.180657,1261.786958
2522.998213,1324.405670
2498.326340,1421.364651
2530.486376,1515.065103
2308.213319,1452.846306
2503.547777,1452.666588
2405.988423,1552.655203
2408.725155,1450.272788
2441.410569,1426.794387
2540.978969,1490.064734
2521.972568,1464.635033
2362.744295,1556.627827
2493.903241,1520.191665
2414.641714,1514.012824
2524.353124,1553.301361
2380.217724,1522.670584
2441.214652,1580.750575
2508.535655,1523.511389
2427.598962,1568.114270
2437.138218,1562.999055
2478.596863,1588.009932
2337.185022,1624.808911
2418.410213,1622.324391
2411.736848,1567.458516
653.273574,2530.141732
793.573491,2461.718147
733.641700,2444.128426
797.805048,2330.446118
806.510302,2471.782792
898.665000,2492.488408
873.987362,2405.574149
1028.725771,2397.286070
893.168240,2453.187505
999.551617,2433.559188
935.934735,2475.482014
981.255065,2397.962369
1120.328844,2446.261076
1017.986884,2413.199594
1119.489818,2411.205991
1075.130131,2380.217889
1073.708207,2415.452082
1165.624921,2323.588213
1213.533273,2360.620559
1164.857934,2343.800626
414.285931,441.388145
1317.512163,2277.794651
1152.965430,2336.493132
1247.565025,2302.996938
1271.366076,2256.173114
1191.048620,2330.057668
1232.133622,2217.025001
1268.212596,2218.708840
1266.561184,2239.466433
1278.064977,2123.934391
1305.233909,2241.502224
705.170627,1136.530200
1350.416342,2223.401826
1364.651467,2205.278963
1413.837255,2137.135251
1320.634101,2123.901844
1292.549704,2188.151398
1326.926223,2142.557055
1353.255779,2188.583796
1389.688325,2210.795425
