3116.420070,1311.268077,1790.329711
3094.232378,1278.695567,1799.739156
3076.702098,1269.007276,1811.150426
3063.289604,1254.640362,1819.488206
3063.310735,1287.396993,1806.203466
3056.825488,1241.268118,1815.892425
3053.999608,1238.713913,1813.988401
3040.984731,1215.692274,1814.940821
3008.707644,1216.293995,1839.149474
3002.429287,1211.230652,1833.170509
3002.617980,1199.591597,1831.109281
2987.709873,1167.085042,1838.452337
2978.171838,1151.903961,1846.407686
2957.684529,1116.627400,1855.497259
2953.232366,1120.945078,1850.457744
2934.672173,1108.712367,1863.115494
2910.850469,1052.872784,1866.129780
2908.391323,1070.587454,1867.420607
2910.032333,1047.536963,1872.759586
2888.579566,987.980202,1878.343844
2884.829842,1004.543003,1875.686625
2857.845865,951.797210,1894.251046
2862.674998,950.144775,1882.238856
2846.583242,928.014092,1892.945511
2842.275318,897.886632,1900.954370
2824.357805,874.289979,1905.075168
2842.021933,872.128160,1895.847219
2823.607461,845.048791,1907.047249
2812.852161,823.051147,1909.941541
2782.759552,793.868740,1922.514594
2768.701227,750.475535,1930.982745
2767.722084,750.762001,1928.040283
2761.815824,706.261699,1936.594936
2755.090640,694.687631,1936.365199
2733.132733,637.977106,1947.247352
2727.171224,607.375081,1943.333047
2703.356541,574.156323,1952.399480
2693.181171,563.281271,1951.729343
2667.929435,526.605995,1954.807243
2647.938627,478.218565,1954.558286
693.730150,619.405747,2372.240617
692.172293,609.494384,2374.414360
695.815177,587.956584,2379.742510
699.722100,572.947335,2383.321389
700.520043,553.030625,2376.866319
690.028362,546.559940,2375.916981
679.024724,543.384352,2378.255485
672.843513,539.491978,2379.866830
667.379475,536.755062,2380.932444
662.729669,531.793183,2383.035376
655.199533,520.017654,2386.054223
650.268080,514.553610,2388.062894
644.408734,508.641476,2391.004750
645.110129,512.769131,2390.180230
640.133913,506.313034,2392.478532
635.875573,503.777167,2393.602604
634.140475,502.705369,2394.152580
634.075447,505.822063,2393.670376
632.599615,505.392826,2394.735078
624.891083,490.162073,2398.625703
624.540228,492.901585,2398.345569
623.827760,493.336014,2398.882530
626.474191,500.988105,2397.549812
622.066258,494.060839,2399.440909
622.841501,498.210448,2398.657251
617.310086,490.536340,2401.383923
617.499782,494.202095,2400.894271
609.840180,478.190570,2405.856157
608.328710,477.459897,2406.524337
606.991453,471.289710,2408.037546
606.096131,481.208821,2405.752212
604.684853,480.285230,2406.073550
602.920726,476.749351,2407.955463
600.051865,470.600377,2410.233663
600.077472,469.413492,2411.034996
598.168234,468.107257,2411.857651
596.631558,458.526810,2415.211193
596.003872,453.481157,2417.119507
593.464928,452.746731,2417.935211
595.418103,445.723583,2419.929833
701.641143,623.151618,2370.689164
705.133135,615.446126,2372.357861
703.780789,623.658639,2370.115733
700.396475,625.660216,2370.685067
696.236209,624.360148,2371.770212
695.963823,620.842321,2372.043600
692.891761,620.937183,2372.775441
693.365388,621.626177,2372.912058
687.006968,617.174351,2374.772961
688.673788,613.320487,2375.043202
691.619847,604.733759,2380.091576
687.298905,621.072450,2391.174243
675.333383,627.718336,2391.024773
671.893212,631.960183,2390.166099
673.126069,628.315184,2391.211373
676.327546,621.511272,2392.846368
674.755475,622.474098,2393.239139
679.946380,614.619686,2394.486843
685.707268,603.807575,2394.098789
680.989974,598.490113,2382.819339
680.061200,603.304631,2381.265580
670.988294,604.155459,2381.525667
678.369450,598.482269,2383.518732
677.348290,594.399325,2384.501289
665.963905,599.975821,2383.185675
673.268751,596.100961,2384.292458
673.469548,593.569401,2384.838271
674.793034,589.259803,2387.706649
676.286958,599.823030,2398.398959
657.887386,614.757678,2397.734742
655.534066,618.960801,2397.046429
652.916076,620.374366,2397.414532
647.174755,621.852491,2397.647304
645.151783,626.863722,2396.164535
642.277237,623.659253,2397.469324
640.281812,628.193248,2396.262291
641.212199,630.189009,2396.335391
639.666574,630.543706,2396.418831
638.123479,626.881945,2396.856104
631.842904,614.799670,2400.198646
698.703052,625.241912,2371.113634
697.788551,617.681818,2371.712778
697.183744,610.018383,2374.223208
698.381353,609.486377,2374.673015
696.291719,605.358048,2376.429475
700.477451,599.490656,2377.618761
699.812774,596.225187,2378.615384
698.267456,591.311767,2379.940958
694.414914,598.206764,2379.047005
690.126409,594.526979,2379.513407
688.540628,595.264388,2379.626420
688.569222,592.764440,2380.361675
685.373577,597.037059,2379.977698
684.446042,605.392649,2378.033254
685.586035,602.881876,2378.472317
684.116034,603.731144,2378.421693
684.628590,606.024328,2377.265280
684.049805,606.275203,2377.707527
688.845414,617.393458,2375.662683
694.623776,619.770215,2375.550788
693.050477,618.228511,2375.939399
688.155270,617.788578,2376.157916
690.100745,617.103587,2376.534692
691.766909,617.687107,2377.120739
691.523252,619.288330,2376.833438
688.109629,616.980774,2377.243507
692.608434,620.868410,2376.252396
686.181765,611.750831,2378.156127
683.091436,604.648206,2379.765873
682.987269,610.642609,2378.960638
687.771809,617.992461,2379.582978
685.782829,618.354926,2379.264606
686.173990,617.847659,2379.906781
687.638200,614.586441,2380.793318
686.347514,618.841436,2380.218666
689.968192,615.843178,2380.674706
691.021718,607.529854,2382.810367
687.556396,616.137533,2381.213644
699.261392,609.573786,2384.927130
696.181998,622.707431,2394.463890
3791.444984,3690.411665,1264.217843
3790.715071,3674.121571,1263.033142
3794.072703,3529.184888,1253.737780
3791.446063,3531.381511,1261.224550
3794.804324,3639.292245,1260.954364
3789.838815,3440.568670,1262.404847
3757.805005,3839.784775,1268.839084
3733.345601,3868.322479,1271.724373
3789.821050,3803.234571,1260.843864
3740.117755,3857.854501,1262.724041
3794.171835,3794.488673,1260.190761
3782.293979,3578.049483,1261.819221
3781.534346,3684.519640,1262.891055
3794.526794,3715.271083,1254.528721
3777.073979,3706.995906,1261.558751
3792.038076,3795.031008,1259.603739
3771.371496,3849.389049,1265.719526
3704.601046,3861.433277,1270.403469
3750.507286,3852.600685,1268.029689
3772.636619,3615.863686,1267.974955
3720.336590,3857.068025,1267.162714
3793.601786,3718.187029,1256.688105
3788.628198,3731.127209,1257.004690
3811.695710,3706.999468,1254.413596
3807.842661,3800.457469,1261.845744
3799.190385,3782.511797,1255.137989
3720.569976,3873.030548,1257.594837
3723.312950,3879.107596,1256.255973
3795.107592,3814.926475,1256.715612
3805.361543,3830.664498,1249.342344
3773.972962,3752.080942,1257.971552
3785.521905,3769.884781,1257.631089
3802.310136,3793.851653,1256.646491
3774.244693,3728.444870,1254.081008
3785.599473,3757.125071,1252.193619
3782.442140,3776.962008,1252.652616
3784.272916,3724.171332,1248.322396
3804.699000,3727.553535,1246.389440
3812.676425,3726.196985,1246.633150
3837.091611,3765.506753,1243.946460
3776.797874,3804.696469,1269.911438
3740.062842,3841.195925,1273.233441
3752.177425,3812.839924,1278.984589
3624.352342,3855.697870,1285.595331
3641.548329,3862.576343,1279.070516
3724.961355,3731.805718,1273.273221
3726.006936,3739.190011,1271.898683
3741.603599,3799.190061,1271.160565
3659.975394,3864.057843,1277.165040
3599.280970,3837.223752,1280.639310
3609.865115,3861.974494,1275.646933
3572.300964,3844.807334,1282.317875
3607.156562,3834.313374,1279.942148
3528.902788,3834.499305,1287.038948
3702.149924,3848.633745,1266.345552
3617.813949,3863.436170,1275.014654
3606.316657,3851.977565,1275.664945
3619.501926,3861.670186,1279.629836
3575.633449,3837.867601,1280.186693
3641.637013,3872.847041,1270.215278
3670.624221,3877.855680,1264.820277
3660.335322,3870.020926,1266.387850
3706.582661,3845.638788,1260.956611
3576.091473,3836.371499,1273.685115
3566.823544,3841.106392,1274.151472
3598.338025,3850.041648,1273.548896
3560.731813,3826.525935,1275.345026
3646.309486,3863.958860,1259.817063
3666.279197,3870.625038,1263.186726
3666.035829,3874.207551,1267.303346
3692.879181,3856.972336,1263.553717
3690.235909,3846.003679,1266.798974
3624.616639,3853.798373,1265.202885
3735.642905,3787.358308,1254.977943
3751.763206,3781.488007,1253.719689
3753.486940,3830.105955,1252.563970
3681.681825,3872.777906,1253.231232
3739.404316,3815.077034,1255.858494
3700.657981,3862.425478,1260.361400
3658.771077,3867.373954,1260.755118
809.490970,388.144848,2324.047829
786.871653,371.318670,2333.117462
772.295951,362.541064,2340.100077
761.529358,358.067383,2343.638441
744.968243,337.936642,2353.244240
734.428766,333.680800,2355.482476
736.714963,346.222410,2350.277497
722.446750,325.109383,2359.177883
718.382441,333.225111,2355.922893
707.923927,317.272921,2362.121986
701.956695,312.020105,2363.471886
697.238223,305.382743,2364.957041
677.488977,294.046054,2369.035011
675.419518,295.970351,2370.105556
660.405183,290.386048,2373.919811
656.437967,288.423898,2374.395725
648.868968,285.823172,2377.198010
646.560899,284.727893,2377.560575
644.793411,283.264994,2376.890307
643.088967,284.467232,2377.444774
634.230437,276.392127,2380.051668
619.790499,271.205656,2390.948026
618.817997,273.622847,2390.227699
608.140534,257.501805,2400.137023
526.101536,169.378313,2464.284050
512.591556,153.181631,2481.839819
513.315724,150.518354,2486.555686
511.105457,151.284509,2492.483596
509.542931,150.972296,2494.354286
509.489025,149.705890,2494.769797
509.059471,150.526582,2495.465799
508.970003,149.117289,2495.996346
508.911694,147.847738,2496.354472
508.911674,145.745260,2496.511026
508.795287,144.891472,2496.580124
508.516675,147.425986,2496.701116
508.248611,148.802745,2496.783742
508.176569,148.988235,2496.788563
507.679758,150.084378,2496.709841
507.945030,148.187065,2496.773070
2982.857828,3743.791481,1666.503245
3018.401056,3746.393029,1653.322308
3052.412821,3745.732772,1627.167912
3086.772145,3773.233780,1623.902662
3075.202177,3742.685451,1619.574630
3100.503084,3757.644226,1614.142379
3087.439147,3738.830320,1608.737425
3095.063371,3743.072575,1607.321239
3150.779358,3796.503155,1600.549631
3095.766593,3748.340017,1604.887555
3095.055439,3738.164746,1607.888891
3126.188824,3738.039472,1596.923651
3138.160624,3743.666310,1591.792775
3118.730009,3771.830337,1596.632671
3132.068896,3769.819236,1591.786972
3127.307044,3782.289951,1590.772211
3140.297952,3787.367695,1596.399567
3137.157728,3774.506332,1584.635851
3149.855758,3810.086545,1587.195868
3161.646293,3768.336938,1572.860154
3140.918223,3760.636640,1579.290503
3137.868759,3779.938513,1581.183822
3174.698669,3809.535551,1571.930985
3163.854420,3807.543629,1576.084643
3129.759344,3783.788813,1586.822956
3118.841194,3773.236430,1579.041405
3136.686917,3781.366299,1576.628580
3142.153603,3788.598288,1574.156413
3131.676234,3799.851480,1573.539324
3154.023910,3773.878983,1562.716592
3127.222612,3770.991929,1580.737968
3122.398910,3769.708943,1572.074400
3129.464181,3792.018753,1571.172475
3153.691800,3784.344144,1561.076851
3139.770462,3803.781748,1570.704109
3196.015556,3794.517258,1547.630666
3206.134796,3791.706927,1546.457556
3205.231078,3800.431473,1541.845765
3201.492620,3802.274409,1544.384196
3206.560118,3783.121466,1539.336017
911.943600,470.048205,2289.907546
862.119599,431.547956,2309.829006
812.579947,409.330614,2321.739339
775.401998,390.986181,2329.023001
759.687488,385.617966,2334.212144
740.274136,382.496119,2348.452845
613.016416,268.210328,2435.493361
509.929133,174.283849,2493.658327
509.289015,174.676989,2494.397017
508.657647,175.919673,2492.994912
509.503752,176.734459,2490.122674
512.211381,178.819597,2491.338751
512.043945,176.938320,2493.140967
511.512861,177.280801,2495.158499
510.710427,178.186764,2494.945907
510.753588,177.677352,2494.673866
509.643677,176.864985,2494.529168
715.542161,373.790594,2369.742900
509.010649,178.644145,2493.012434
509.286817,179.588038,2494.482492
509.661866,180.298559,2495.582497
509.537058,181.415438,2495.572668
509.111621,184.138301,2496.016484
508.882225,185.647352,2496.175172
508.679882,187.147823,2496.269872
508.434110,188.381344,2496.396253
507.978092,190.589180,2496.554952
507.431582,193.372600,2496.633387
507.043807,194.847522,2496.711555
506.766110,196.766464,2496.666377
506.417480,198.798303,2496.757564
506.077067,200.284078,2496.855729
505.764940,202.035914,2496.863772
505.274896,203.999651,2496.949820
505.104607,204.955682,2497.049434
504.861968,206.487069,2497.040738
504.437076,208.451063,2497.074117
504.209858,209.757525,2497.133635
503.939233,211.102013,2497.134798
503.916288,211.291863,2497.112885
3994.553394,2124.189115,1367.340225
3988.264958,2099.820191,1363.428561
3976.865292,2103.296789,1379.270194
3981.327054,2117.356157,1380.458922
3978.910596,2112.941550,1376.575745
3980.738683,2101.010707,1376.323671
3989.747701,2129.097238,1382.559009
3980.170661,2134.430695,1384.567510
3992.061617,2158.133580,1384.205534
3998.785036,2115.944759,1358.545930
3998.386938,2097.788572,1359.692382
3998.565734,2123.795106,1369.479540
3997.031633,2086.245421,1357.782604
3989.638325,2212.680219,1407.684158
3993.631837,2138.279180,1385.376716
3980.749580,2117.199267,1376.638929
3985.814098,2137.406592,1383.537645
3978.726009,2096.611483,1368.916547
3995.120413,2068.661264,1352.505840
3994.472269,2098.175469,1351.151247
3983.100340,2173.350545,1379.826465
3987.746061,2090.667466,1356.393893
3991.396539,2089.894368,1349.874154
3979.850030,2138.389145,1369.059559
3999.517363,2044.880224,1346.024391
4003.593384,2125.504315,1370.077700
3999.941191,2063.035271,1354.691679
3991.294310,2090.876786,1372.677039
3989.942902,2115.510424,1376.561845
3999.300284,2091.359229,1369.692603
4005.353005,2072.491797,1349.440632
4003.359687,2058.685304,1349.959269
4008.059593,2026.027177,1344.230599
3993.939721,2030.011871,1345.007701
3984.448136,2029.911997,1356.080545
3996.918464,2088.087885,1365.381043
3992.242883,2133.589580,1369.874105
3979.590122,2204.851304,1391.071476
3980.685858,2111.411068,1362.456038
3986.690575,2215.969271,1387.175303
810.895176,390.180412,2323.654167
781.391292,365.396029,2336.960856
758.706606,338.345821,2351.229009
747.266822,330.687030,2353.866400
731.377168,321.269353,2356.487627
715.245436,313.567632,2362.797941
721.027298,314.096944,2361.228042
689.057678,302.089250,2370.906604
682.001348,296.182059,2373.222995
671.203951,291.928464,2377.189079
664.763908,289.606726,2379.118417
644.294327,271.854455,2388.571180
634.494058,260.153165,2395.217030
631.221589,255.190326,2397.603005
626.813658,253.222550,2397.109958
618.872823,239.492755,2403.683937
583.772091,214.844375,2419.813390
577.751519,210.028999,2424.288642
527.721802,150.468115,2472.090045
518.879279,145.390541,2481.452537
520.011677,142.099459,2483.111527
514.074111,142.757506,2488.836146
512.306044,140.911780,2491.022688
511.476093,141.070830,2492.890038
510.172017,142.969370,2494.019470
509.844998,143.302052,2495.230499
509.415353,143.301827,2495.496354
509.311696,139.038206,2495.643538
509.140585,140.285890,2495.846327
508.822417,139.865143,2495.988620
507.683977,148.226867,2496.233625
507.504729,147.507519,2496.340474
506.602067,151.645387,2496.612643
505.704498,155.947672,2496.706698
504.811123,159.771070,2496.709887
504.083523,165.098086,2496.760498
503.094969,168.983478,2496.811871
502.557506,172.203319,2496.847291
501.810110,176.158091,2496.704122
500.915301,179.130901,2496.762740
697.137384,620.932941,2371.045387
699.201484,617.359165,2371.577854
701.970854,605.893639,2374.523024
711.057234,583.379793,2378.692605
716.266187,564.385495,2374.358571
704.465989,557.129054,2370.959522
701.086535,558.138741,2371.141577
697.837319,559.827352,2371.909515
694.211373,559.777116,2372.013103
694.019276,559.733341,2372.522466
690.519677,554.509647,2373.084805
688.827290,553.322630,2374.335694
688.609896,553.453874,2374.971134
694.326535,558.503952,2373.875729
698.801094,558.959424,2372.503509
696.777238,556.721744,2373.012915
697.769968,556.737958,2372.850796
697.353261,556.934675,2372.729569
700.897547,554.972021,2373.301016
703.050551,552.860288,2375.725859
700.441262,553.052807,2374.711613
697.476936,556.896935,2373.763230
702.501741,557.549398,2373.418565
703.169945,558.625589,2373.628687
706.862739,556.039181,2374.110278
703.925113,558.914392,2373.250209
709.958703,557.882697,2374.786176
713.874748,559.702700,2375.128399
706.805022,559.202262,2373.525415
708.778899,559.333039,2373.077527
704.910367,557.817563,2373.813825
709.449823,558.452598,2372.861014
713.078985,558.969254,2373.458383
710.684668,557.719882,2373.769148
717.656370,561.363461,2374.362661
719.364996,568.618392,2381.772691
718.047941,562.542081,2374.939908
714.427375,558.868221,2375.028712
715.274649,560.485668,2376.205826
717.058053,565.689759,2382.156743
4019.835683,1875.196148,1307.627947
4005.678316,1932.497980,1338.249334
3997.842132,1977.872161,1355.687093
3995.822917,1996.329876,1364.438660
4000.993621,2008.057033,1369.528935
3997.089182,1937.389163,1344.770812
3999.555912,1982.135909,1361.080389
3993.153481,1876.692469,1342.956576
3995.312363,1932.419477,1349.374173
3995.224052,1978.539045,1359.794237
4000.671339,1961.850127,1354.381152
4000.790815,2022.648964,1364.035430
3995.632436,2054.972783,1376.792038
4005.705092,1926.524743,1342.715490
4000.759901,2022.184446,1378.018439
3980.920076,2059.386655,1392.011964
3985.165193,2083.256173,1391.169476
3976.027377,2109.268081,1411.890035
3971.021099,2091.203638,1412.958673
3975.311751,2047.341771,1403.766935
3973.245783,2073.687193,1409.384593
3980.001378,2025.715322,1385.315468
3968.858948,2113.978162,1432.527041
3985.250565,2002.668535,1393.919147
3986.184410,1982.740897,1386.760008
3974.826961,2016.452530,1410.328374
3978.591808,2007.330452,1408.754026
3970.374035,2010.301435,1413.495997
3965.279811,1988.736809,1422.877905
3950.858312,1939.441305,1420.169215
3956.242767,2055.193883,1455.996805
3956.511161,2010.402434,1432.337715
3948.090346,1999.554936,1444.142964
3959.835138,1981.675546,1445.956427
3945.021968,1973.535479,1458.759759
3932.581438,1997.362173,1474.872721
3926.530318,2022.996209,1452.879322
3923.704304,2064.695138,1474.622043
3931.938237,2040.064516,1452.757123
3924.119108,2043.802294,1475.158676
1327.061782,570.803874,2199.252771
1220.204657,658.892827,2177.813588
1152.661259,695.419674,2218.781252
1097.882925,727.781937,2223.493022
1028.157632,729.286302,2238.720932
994.696719,733.210549,2241.141068
958.324534,713.590056,2251.057342
923.625625,684.218701,2259.900181
880.391123,670.321682,2276.794917
854.302558,650.650566,2287.516816
834.788289,625.954062,2296.170826
826.385135,614.491971,2298.492142
824.095038,622.391969,2318.358358
810.244114,619.407931,2323.736226
793.401619,629.040743,2323.086656
783.562747,631.965590,2324.542168
774.703518,619.894916,2329.872930
758.719561,621.203676,2332.047874
746.799811,622.656469,2334.177978
742.088658,626.085124,2336.108125
747.082837,606.940950,2339.037517
740.553592,623.073777,2336.303087
738.674538,594.030408,2351.009742
735.263035,613.062642,2339.376916
726.262153,591.471344,2348.123671
729.566082,570.847956,2354.017381
737.484029,550.069336,2353.315958
734.757972,543.919785,2352.984821
725.136127,540.049900,2341.949964
720.809899,537.239108,2342.427831
704.821680,534.864579,2347.858698
684.274103,499.506984,2362.681843
642.866988,422.840980,2381.218435
523.152811,206.698229,2471.562424
509.339988,187.040896,2490.213210
508.766006,187.879678,2490.351206
514.186703,199.146220,2478.517437
514.000838,201.656242,2479.884386
509.965563,199.780832,2479.855463
504.545439,186.854497,2495.593956
2948.898793,3718.309289,1677.882350
2916.802333,3706.443706,1671.518894
2927.828387,3733.060898,1675.747324
2898.413837,3730.481350,1684.478031
2868.591563,3704.449357,1688.125029
2856.582547,3701.103709,1691.271907
2876.270148,3696.788288,1690.872814
2846.001657,3659.986178,1691.977293
2848.669127,3720.011569,1687.358566
2844.547727,3648.669851,1688.014238
2865.950974,3707.622235,1681.025996
2859.118908,3692.949845,1679.424998
2855.654689,3735.221460,1676.155225
2870.436751,3746.843515,1671.401947
2839.622505,3736.123188,1675.243939
2829.718789,3741.776923,1681.441403
2868.424477,3782.740113,1670.501754
2839.377432,3751.799874,1672.938735
2866.050730,3779.621149,1665.272532
2872.622408,3766.634304,1661.761953
2871.949440,3762.519016,1664.757335
2859.214796,3760.127675,1659.572773
2846.667245,3774.931259,1667.645652
2866.157535,3769.165371,1657.485911
2854.846045,3765.735796,1665.167356
2846.009374,3743.966089,1663.169857
2837.710959,3749.479668,1665.813726
2896.435427,3790.396635,1651.370018
2866.945468,3784.662735,1657.258661
2870.119614,3780.545600,1654.280551
2859.637540,3776.927048,1660.358194
2856.208197,3737.350381,1661.654052
2884.293524,3801.976671,1650.493691
2866.128614,3771.360743,1654.871877
2852.467443,3744.964076,1656.609033
2838.186555,3773.719938,1660.187874
2855.241136,3778.460962,1656.140101
2852.918588,3763.843821,1651.726809
2869.885900,3785.757201,1644.998666
2822.009343,3771.666366,1661.085614
