120
0.000000,0.000000,1.000000;39.572295,-22.751746,185.063135;-1
0.000000,0.316228,0.948683;50.380036,5.698987,137.950832;-1
0.000000,0.707107,0.707107;370.583725,-306.299769,1016.632959;-1
0.000000,0.948683,0.316228;-15.594869,-88.962769,360.941590;-1
0.000000,1.000000,0.000000;-5.154673,-93.104955,402.549149;-1
0.316228,0.000000,0.948683;-56.098791,24.323823,222.801711;-1
0.408248,0.408248,0.816497;58.903553,25.153261,114.137640;-1
0.408248,0.816497,0.408248;261.031509,-153.742420,435.398342;-1
0.316228,0.948683,0.000000;36.443228,19.164618,34.776058;-1
0.707107,0.000000,0.707107;17.781846,-9.831222,261.333871;-1
0.816497,0.408248,0.408248;149.354866,-44.820117,257.803999;-1
0.707107,0.707107,0.000000;-78.082605,-0.702813,279.947388;-1
0.948683,0.000000,0.316228;49.417731,24.441719,78.614693;-1
0.948683,0.316228,0.000000;40.859894,-29.282715,118.096234;-1
1.000000,0.000000,0.000000;-35.080342,-3.265493,189.993029;-1
0.000000,0.000000,1.000000;561.352185,-662.197116,2474.909786;0
0.000000,0.000000,1.000000;560.971499,-543.935243,2474.809320;15
0.000000,0.000000,1.000000;564.688248,-547.350543,2478.003343;16
0.000000,0.000000,1.000000;565.218619,-579.305746,2479.085732;17
0.000000,0.000000,1.000000;566.262602,-591.685756,2478.335362;18
0.000000,0.316228,0.948683;468.658047,142.811576,2495.530884;1
0.000000,0.316228,0.948683;466.361984,131.174715,2492.266039;20
0.000000,0.316228,0.948683;466.318193,129.302797,2492.331673;21
0.000000,0.316228,0.948683;465.384873,130.003811,2491.112769;22
0.000000,0.316228,0.948683;464.624320,127.188849,2491.934869;23
0.000000,0.707107,0.707107;503.941745,171.620853,2495.556542;2
0.000000,0.707107,0.707107;507.541351,190.962624,2494.590672;25
0.000000,0.707107,0.707107;508.855035,197.929900,2494.323593;26
0.000000,0.707107,0.707107;508.282651,196.552992,2495.140012;27
0.000000,0.707107,0.707107;507.229568,194.088234,2494.281266;28
0.000000,0.948683,0.316228;1699.611269,1873.908891,1987.621151;3
0.000000,0.948683,0.316228;1738.699629,2624.496222,1869.472188;30
0.000000,0.948683,0.316228;2041.532827,3599.960070,1822.036624;31
0.000000,0.948683,0.316228;2324.292906,3884.435797,1758.425296;32
0.000000,0.948683,0.316228;2549.553276,3933.515270,1703.138261;33
0.000000,1.000000,0.000000;1271.768167,2007.069567,1778.758503;4
0.000000,1.000000,0.000000;1985.270464,3745.473513,1736.335698;35
0.000000,1.000000,0.000000;2248.310381,4290.162647,1587.256562;36
0.000000,1.000000,0.000000;2250.431608,4611.759467,1456.057069;37
0.000000,1.000000,0.000000;2202.419700,4707.372660,1370.757095;38
0.316228,0.000000,0.948683;507.923607,-98.835769,2490.776343;5
0.316228,0.000000,0.948683;536.683602,88.399171,2494.429557;40
0.316228,0.000000,0.948683;542.189117,26.189794,2494.035251;41
0.316228,0.000000,0.948683;542.385759,-2.528805,2493.909714;42
0.316228,0.000000,0.948683;543.743228,-9.368225,2494.219375;43
0.408248,0.408248,0.816497;500.338877,74.580388,2493.959313;6
0.408248,0.408248,0.816497;481.817152,107.588170,2495.053902;45
0.408248,0.408248,0.816497;467.894772,67.273887,2494.154555;46
0.408248,0.408248,0.816497;467.496377,72.678941,2494.620151;47
0.408248,0.408248,0.816497;464.537005,69.718169,2494.892150;48
0.408248,0.816497,0.408248;747.946360,576.894952,2276.240128;7
0.408248,0.816497,0.408248;1893.568879,1987.580518,2085.060662;50
0.408248,0.816497,0.408248;2263.161799,2908.937667,1993.338272;51
0.408248,0.816497,0.408248;2851.045573,3361.764821,1802.406746;52
0.408248,0.816497,0.408248;2931.576336,3487.220865,1741.223510;53
0.316228,0.948683,0.000000;2076.483166,3343.147012,1775.778765;8
0.316228,0.948683,0.000000;2529.901779,4115.235674,1555.601843;55
0.316228,0.948683,0.000000;2273.348715,4454.359941,1561.936290;56
0.316228,0.948683,0.000000;2478.308459,4879.333006,1491.253830;57
0.316228,0.948683,0.000000;2447.530187,4984.486103,1386.202820;58
0.707107,0.000000,0.707107;471.580634,-158.702207,2493.759322;9
0.707107,0.000000,0.707107;473.173512,38.012126,2495.211109;60
0.707107,0.000000,0.707107;472.762491,78.799398,2495.786635;61
0.707107,0.000000,0.707107;469.107879,82.987064,2495.521647;62
0.707107,0.000000,0.707107;467.007937,83.132758,2495.730046;63
0.816497,0.408248,0.408248;533.146122,82.099655,2496.254321;10
0.816497,0.408248,0.408248;761.487482,675.165067,2319.429834;65
0.816497,0.408248,0.408248;1793.580792,1514.450779,2079.259790;66
0.816497,0.408248,0.408248;2559.169232,1926.303895,1898.995119;67
0.816497,0.408248,0.408248;2887.809987,2304.548772,1817.875083;68
0.707107,0.707107,0.000000;105.111365,-2.366247,322.694755;11
0.707107,0.707107,0.000000;1654.347240,836.767263,-742.251616;70
0.707107,0.707107,0.000000;2065.732363,893.204617,-2324.598411;71
0.707107,0.707107,0.000000;2189.580874,915.892156,-3070.554925;72
0.707107,0.707107,0.000000;2347.483990,915.597110,-3631.848928;73
0.948683,0.000000,0.316228;2037.902500,617.686163,1833.141396;12
0.948683,0.000000,0.316228;2979.366326,1908.953899,1729.909279;75
0.948683,0.000000,0.316228;3426.363355,1887.347355,1642.993736;76
0.948683,0.000000,0.316228;3591.912476,1680.922221,1635.412434;77
0.948683,0.000000,0.316228;3748.821357,1278.185319,1562.895874;78
0.948683,0.316228,0.000000;3030.722811,1854.257145,1647.394126;13
0.948683,0.316228,0.000000;2964.039616,2668.435795,1567.539425;80
0.948683,0.316228,0.000000;3135.889962,2930.363751,1507.217421;81
0.948683,0.316228,0.000000;3410.887074,3237.140644,1341.931136;82
0.948683,0.316228,0.000000;3520.767980,3384.744241,1207.561635;83
1.000000,0.000000,0.000000;1706.123405,370.026632,1717.129363;14
1.000000,0.000000,0.000000;2327.957443,1319.457276,1634.330595;85
1.000000,0.000000,0.000000;2933.082025,1597.251862,1484.104551;86
1.000000,0.000000,0.000000;3387.041299,1757.784794,1292.607130;87
1.000000,0.000000,0.000000;3751.989056,1364.991859,1198.478986;88
0.989949,0.000000,0.141421;3625.937553,3125.276135,1240.243683;84
1.000000,0.000000,0.000000;3833.767471,1054.902879,1468.545483;79
0.784465,0.588348,0.196116;3495.429203,3644.936425,1158.833937;84
0.989949,0.000000,0.141421;3862.511944,1324.325652,1433.382959;79
0.948683,0.000000,0.316228;3111.895316,2399.953119,1793.960124;69
0.426401,0.639602,0.639602;2632.013858,5106.758678,1449.715177;59
0.948683,0.316228,0.000000;3531.886127,3478.057103,1115.969416;84
0.639602,0.426401,0.639602;3433.527859,2578.752824,1631.225376;77
0.000000,0.857493,0.514496;2710.446847,3996.428609,1692.391223;34
0.948683,0.316228,0.000000;3620.977531,2040.627616,1175.131481;89
0.588348,0.196116,0.784465;3140.390406,3331.884644,1742.719482;54
0.426401,0.639602,0.639602;502.381362,222.810522,2496.353482;65
0.857493,0.514496,0.000000;3325.456520,2625.938194,1578.752773;76
0.639602,0.639602,0.426401;3662.428364,2656.193282,1553.267735;78
0.588348,0.196116,0.784465;3733.138522,1923.551976,1626.113176;79
0.948683,0.316228,0.000000;3743.011545,2822.702017,1491.505522;103
0.514496,0.857493,0.000000;3471.392171,3946.797923,1196.982271;92
0.182574,0.912871,0.365148;2432.184447,5231.585637,1481.247551;95
0.989949,0.141421,0.000000;3956.454652,1600.625037,1341.691382;93
0.000000,0.707107,0.707107;2428.714164,3348.177114,1910.822090;52
0.000000,0.857493,0.514496;2773.983467,4032.937868,1694.302657;98
0.857493,0.514496,0.000000;3734.205061,2918.612495,1458.543876;103
0.000000,0.857493,0.514496;2342.764594,4856.511434,1605.965435;57
0.857493,0.514496,0.000000;2656.472333,5152.822077,1375.846225;59
0.912871,0.365148,0.182574;3640.973791,2656.736725,1538.005594;97
0.784465,0.588348,0.196116;3520.917464,3718.124739,1161.166403;92
0.912871,0.365148,0.182574;3887.179101,2397.085231,1369.667955;93
1.000000,0.000000,0.000000;3598.606734,3239.280867,1242.189433;92
0.707107,0.000000,0.707107;3755.925964,1586.982093,1633.295866;78
0.000000,0.857493,0.514496;480.641854,171.290330,2496.250983;45
48
42
45
101
28
66
50
35
31
32
55
57
37
113
107
67
51
30
109
52
110
98
68
100
54
85
86
94
69
82
102
115
92
106
75
77
76
103
114
111
90
118
104
78
116
99
108
93
91
