114
0.000000,1.000000;0.000000,150.000000;-1
0.242536,0.970143;0.000000,150.000000;-1
0.554700,0.832050;0.000000,150.000000;-1
0.832050,0.554700;0.000000,150.000000;-1
0.970143,0.242536;0.000000,150.000000;-1
1.000000,0.000000;0.000000,150.000000;-1
0.000000,1.000000;-15.153188,138.008418;0
0.000000,1.000000;-7.315590,149.224152;6
0.000000,1.000000;-6.646384,149.859017;7
0.000000,1.000000;-6.260689,149.905659;8
0.242536,0.970143;29.616107,144.762135;1
0.242536,0.970143;38.334989,147.926247;10
0.242536,0.970143;38.025871,148.752256;11
0.242536,0.970143;39.909200,148.850968;12
0.554700,0.832050;42.681685,146.273692;2
0.554700,0.832050;114.610824,124.217145;14
0.554700,0.832050;138.594956,118.445780;15
0.554700,0.832050;119.967639,127.960370;16
0.832050,0.554700;24.037388,124.832900;3
0.832050,0.554700;45.019978,100.168086;18
0.832050,0.554700;53.638410,138.971199;19
0.832050,0.554700;66.914810,141.199428;20
0.970143,0.242536;32.849396,88.372274;4
0.970143,0.242536;51.363039,89.784876;22
0.970143,0.242536;133.995300,84.677746;23
0.970143,0.242536;247.956946,29.589646;24
1.000000,0.000000;32.072131,105.869763;5
1.000000,0.000000;42.263017,85.388653;26
1.000000,0.000000;65.553948,123.815218;27
1.000000,0.000000;182.795500,44.228640;28
0.896410,0.443227;142.916512,102.969312;16
0.980581,0.196116;146.347688,93.313094;16
0.514496,0.857493;224.680948,76.273533;25
0.980581,0.196116;156.297001,107.055308;17
0.896410,0.443227;158.979719,111.912285;17
0.707107,0.707107;66.387078,138.485486;27
0.874313,0.485363;255.489171,29.982583;25
0.016820,0.999859;136.343089,134.182959;32
0.718900,0.695113;249.112960,38.897645;25
0.196116,0.980581;42.370081,148.475776;19
0.970143,0.242536;251.074975,41.131677;32
0.718900,0.695113;235.325212,70.221430;32
0.980581,0.196116;160.336644,82.166015;31
0.514496,0.857493;180.370971,118.873795;37
0.514496,0.857493;208.246399,99.207490;41
0.196116,0.980581;42.187818,149.442115;39
0.718900,0.695113;192.756661,109.468990;37
0.514496,0.857493;228.408069,75.454328;40
0.016820,0.999859;135.042178,136.432352;46
0.016820,0.999859;117.056720,141.399837;43
0.970143,0.242536;252.660593,33.755359;40
0.016820,0.999859;161.842617,126.162177;44
0.514496,0.857493;192.079364,112.745013;44
0.275029,0.961436;160.214701,129.230128;46
0.016820,0.999859;12.590084,149.975511;49
0.275029,0.961436;226.159829,75.053166;36
0.275029,0.961436;138.877886,137.044818;53
0.970143,0.242536;256.881938,27.721949;36
0.016820,0.999859;199.809756,101.315595;38
0.970143,0.242536;246.039805,48.178816;41
0.016820,0.999859;102.034297,144.075375;53
0.970143,0.242536;256.069484,26.943948;57
0.718900,0.695113;251.513758,41.265182;57
0.874313,0.485363;228.476964,75.332481;44
0.514496,0.857493;178.706470,120.475697;52
0.874313,0.485363;240.707433,60.916867;47
0.718900,0.695113;232.286186,71.289084;41
0.196116,0.980581;41.847166,149.402059;45
0.064359,0.997927;72.796962,145.733971;16
0.718900,0.695113;237.089058,69.056207;65
0.275029,0.961436;147.313276,134.979632;43
0.514496,0.857493;174.793543,124.031768;53
0.016820,0.999859;213.899481,94.172930;69
0.016820,0.999859;39.367384,148.270561;56
0.275029,0.961436;143.274178,136.504475;56
0.275029,0.961436;216.837227,91.931253;69
0.874313,0.485363;183.143815,118.388048;70
0.874313,0.485363;239.936565,61.350313;69
0.970143,0.242536;202.032184,104.877751;71
0.970143,0.242536;204.060144,102.158868;64
0.718900,0.695113;198.066676,110.533950;71
0.718900,0.695113;221.277975,87.559802;75
0.514496,0.857493;178.492022,121.936531;71
0.554700,0.832050;102.327716,134.226146;68
0.016820,0.999859;137.960484,137.336995;71
0.718900,0.695113;247.201988,47.715565;50
0.718900,0.695113;252.047526,42.980812;36
0.016820,0.999859;198.309244,105.628123;81
0.970143,0.242536;233.794573,73.690473;81
0.275029,0.961436;160.285526,128.378848;52
0.970143,0.242536;212.193521,94.525652;80
0.970143,0.242536;241.265075,63.919121;88
0.718900,0.695113;242.536942,53.345647;86
0.514496,0.857493;219.201344,87.133319;88
0.970143,0.242536;216.927669,91.420979;52
0.016820,0.999859;155.146507,131.717101;52
0.514496,0.857493;190.832774,112.771659;78
0.874313,0.485363;238.979478,65.497841;63
0.275029,0.961436;223.517398,77.984303;85
0.718900,0.695113;236.251556,72.195271;91
0.275029,0.961436;143.149635,137.317362;70
0.718900,0.695113;166.418865,127.462308;56
0.514496,0.857493;172.899456,126.364997;70
0.514496,0.857493;163.968227,128.455308;100
0.718900,0.695113;179.668833,121.392162;70
0.275029,0.961436;135.085814,136.713438;95
0.016820,0.999859;86.963430,146.605702;95
0.275029,0.961436;142.609347,137.894147;100
0.016820,0.999859;130.747838,139.146257;102
0.718900,0.695113;194.301219,113.292405;102
0.514496,0.857493;179.372454,122.736969;102
0.275029,0.961436;214.379215,85.378897;86
0.970143,0.242536;241.732069,63.093439;99
0.874313,0.485363;256.957930,31.513557;36
153
54
45
39
106
60
49
108
107
100
70
95
53
103
101
102
71
110
104
43
76
109
80
87
78
79
44
90
72
75
94
81
98
32
47
63
88
99
69
97
91
112
92
59
85
86
50
113
54
54
10
18
12
13
13
45
45
14
14
22
20
19
21
21
68
68
28
23
106
106
60
60
83
49
49
17
17
108
105
48
56
56
107
107
70
70
16
16
95
95
53
53
103
103
101
101
102
102
71
71
110
82
104
104
76
76
24
109
52
80
80
87
87
78
78
79
79
44
44
72
72
75
75
93
111
81
81
98
98
63
63
88
88
99
99
97
97
112
91
65
65
92
92
85
85
86
86
38
50
50
113
36
57
57
