2543.322210,4544.459044
2573.525148,4551.035097
2573.775804,4566.337360
2561.600765,4579.460786
2546.308361,4604.576254
2595.950292,4609.084834
2515.457834,4615.369837
2576.408188,4626.710057
2570.566905,4668.298650
2552.569000,4681.928567
2548.900552,4693.161516
2488.671157,4711.755478
2471.197345,4684.196502
2508.225904,4699.666598
2534.345730,4692.396824
2525.014356,4696.992332
2547.581974,4730.617483
2582.108327,4739.160097
2570.174913,4734.306097
2579.279506,4715.316051
2604.900780,4735.969502
2567.976516,4729.467091
2549.364783,4750.954551
2527.686210,4742.994085
2530.032998,4727.745103
2550.669748,4741.248133
2584.568208,4717.357823
2529.210102,4731.262836
2513.708426,4689.640042
2534.705868,4717.554316
2550.972593,4721.446115
2556.849495,4734.105874
2555.290247,4722.119095
2566.765324,4730.035559
2594.369904,4746.038165
2582.121616,4716.065870
2583.238767,4709.329760
2610.816212,4721.365464
2621.715929,4725.796399
2603.127302,4688.689257
3667.578160,3266.633611
3667.489606,3258.452674
3679.686633,3299.530276
3638.787606,3316.754121
3668.950882,3291.463796
3664.016750,3351.749247
3691.295847,3343.331739
3638.425426,3344.775422
3678.402968,3389.731971
3683.568717,3370.720953
3683.125324,3357.238789
3719.026030,3410.821644
3660.430056,3422.851005
3659.426730,3431.235355
3672.211388,3423.861313
3689.900740,3474.189743
3626.260137,3464.469809
3596.208417,3494.309294
3591.399658,3500.842747
3571.707278,3499.329734
3600.307483,3501.536399
3585.279055,3490.711395
3582.312500,3481.233092
3628.940917,3483.916414
3587.473087,3521.630985
3621.862453,3513.616282
3626.552832,3518.572132
3604.236149,3537.326720
3581.022138,3494.175838
3588.423776,3506.778572
3573.490576,3483.963114
3586.690599,3456.647542
3559.051512,3492.396972
3529.202386,3496.892372
3542.499629,3514.680983
3530.042523,3491.804960
3543.963215,3520.426098
3540.564117,3528.127261
3522.662594,3536.253828
3512.376757,3494.743496
3200.209608,4191.034148
3144.939934,4139.414418
3097.867778,4242.726050
3012.975469,4362.162638
3019.980207,4336.255068
3052.569144,4307.695577
3010.277317,4213.892895
2906.342431,4391.512927
2886.637769,4456.290024
2847.914655,4538.987189
2770.835547,4401.240747
2790.560589,4549.982105
2821.190108,4446.588362
2811.379166,4457.684670
2766.878092,4615.119379
2696.468142,4717.820740
2754.777088,4545.499622
2774.868013,4648.111912
2776.372300,4633.378532
2810.617524,4774.804709
2727.107935,4754.491683
2767.729969,4655.384655
2806.683281,4817.429508
2768.681972,4811.785298
2718.706566,4770.714257
2723.421135,4774.035344
2762.834722,4736.857111
2717.474520,4688.254624
2759.194405,4782.659495
2703.950733,4878.079587
2731.416381,4812.327681
2703.560251,4791.126053
2767.208467,4849.796444
2642.793528,4843.051037
2694.290153,4920.434998
2543.601289,4861.007563
2635.302023,4881.612382
2592.487438,4794.743279
2506.533342,4782.134222
2586.616479,4903.841996
3231.232570,3898.119734
3227.388062,4098.224583
3269.052792,4068.875049
3257.749089,4106.495849
3230.207194,4112.987342
3231.248951,4047.949213
3300.474856,3985.842971
3239.935219,4033.603893
3293.599637,4059.988237
3303.495711,4001.533759
3265.024550,3926.468048
3359.441800,3930.608538
3343.050368,3899.375936
3310.194250,3881.782043
3327.245197,3786.816094
3363.767240,3782.319151
3382.496164,3857.479957
3420.441414,3876.253896
3431.881950,3867.944183
3314.273629,3921.575364
3358.171646,3844.505862
3351.449036,3872.373124
3375.855002,3821.913411
3414.940757,3879.010000
3405.986395,3814.560827
3524.268934,3866.321767
3463.128586,3632.659790
3475.252975,3730.702948
3424.230247,3723.501514
3450.963497,3778.474959
3399.940053,3737.898332
3427.904568,3767.303442
3473.748722,3732.471790
3494.769858,3747.962934
3460.483993,3728.915969
3458.583897,3786.510214
3464.278723,3759.624484
3471.862676,3738.618392
3404.129206,3746.366740
3488.495758,3649.751557
3861.836837,2130.734231
3843.390580,2240.987843
3829.283826,2303.970881
3830.277712,2406.470181
3825.715679,2471.478194
3859.781610,2550.517970
3786.300588,2445.695135
3741.966282,2492.013135
3750.851724,2606.628469
3793.623396,2625.305123
3793.427958,2657.859242
3773.899915,2626.984531
3789.707267,2704.837508
3786.942482,2694.038756
3793.511899,2719.023172
3804.770522,2691.894969
3795.300243,2732.689469
3818.399604,2768.181527
3807.516336,2832.277046
3837.135547,2877.141278
3817.848471,2874.995884
3814.371380,2907.140870
3846.083206,2946.892747
3841.391607,2978.847914
3814.151608,3001.188820
3819.663845,3025.297007
3813.040654,3038.912358
3781.707857,3033.746389
3826.995000,3038.861164
3838.111824,3061.952074
3867.973760,3056.723450
3847.809316,3038.281992
3827.457026,3067.454042
3830.906841,3080.941636
3834.392322,3058.944819
3825.544785,3099.652893
3845.211492,3055.493920
3847.818909,3100.365144
3864.345139,3113.285131
3877.555638,3125.161175
2578.464415,4522.132692
2640.848372,4557.226464
2640.317583,4578.224443
2685.279421,4572.652163
2672.231621,4547.186863
2746.357566,4600.064657
2773.451973,4592.699877
2740.100761,4538.823161
2715.443643,4578.857222
2682.035459,4566.861380
2675.055395,4556.789064
2668.494773,4587.807789
2706.621798,4544.299321
2716.295239,4574.238308
2753.026496,4557.012970
2744.099158,4576.078614
2756.745516,4598.657686
2731.148162,4537.099479
2724.435599,4587.550830
2723.156652,4584.867936
2711.298033,4550.221721
2734.859636,4543.364118
2752.996860,4590.316643
2721.511495,4570.801792
2700.036680,4581.608073
2708.842299,4537.480423
2760.063510,4526.330730
2705.126612,4599.243730
2747.065675,4586.614244
2743.117193,4612.677128
2786.056075,4539.750232
2707.089380,4533.490740
2680.155009,4445.655195
2716.477738,4467.154491
2711.265504,4550.449100
2742.716559,4575.037927
2763.037862,4566.039866
2764.705342,4563.876934
2744.332359,4564.252168
2735.193987,4552.874860
