3980.537079,2955.475570
3965.208324,2946.358443
3967.431569,2944.267724
3970.837370,2886.425512
3965.580470,2949.886894
3965.895719,2934.086266
3977.986863,2890.350957
3989.084489,2947.421001
3972.822758,2958.959183
3967.480960,2916.717308
3994.632295,2920.283407
4000.164958,2843.993903
3989.976223,2902.650204
3992.920211,2915.703777
3985.405603,2902.974990
3992.415337,2909.109969
4000.895400,2905.186527
3978.127638,2859.982521
4003.852415,2900.251831
3992.391404,2869.690150
3997.092723,2913.807514
3988.269214,2850.067121
3987.910183,2920.677337
4007.068227,2902.716032
4010.993829,2896.267555
3994.221310,2877.426051
3999.088457,2879.468658
4019.658719,2887.433838
4009.979758,2933.204918
4026.590123,2895.635746
4031.531055,2913.012983
4008.227573,2851.140401
4020.945528,2868.427002
4010.444405,2880.535067
4030.443882,2853.494705
4022.332705,2818.775182
4031.802233,2838.895212
4033.322839,2848.192868
4042.254236,2760.166972
4042.973588,2746.148392
3763.176315,3670.412831
3740.031529,3691.198398
3761.550638,3711.206090
3752.231917,3742.524082
3755.767212,3738.590714
3730.631298,3730.938476
3732.569050,3755.474064
3730.465327,3758.013413
3685.511895,3762.781584
3646.832431,3715.378536
3656.054391,3724.190138
3640.539432,3704.045396
3671.912735,3733.499485
3636.544448,3708.811229
3641.903278,3751.833549
3673.405092,3784.043665
3658.036776,3772.774171
3683.614076,3785.557406
3675.630312,3817.865402
3650.056419,3790.476622
3651.302297,3801.770496
3642.459717,3804.473769
3660.809681,3816.953436
3644.796426,3799.026312
3628.701431,3814.178669
3622.463632,3808.253570
3629.628098,3783.101775
3609.784105,3786.864809
3647.352226,3814.441186
3653.752763,3818.962452
3705.055818,3830.971820
3677.358020,3838.330619
3675.393012,3838.718361
3677.093266,3849.355630
3652.734116,3845.859434
3626.079981,3814.128080
3605.479853,3826.574779
3619.586803,3835.406817
3628.823651,3853.178511
3603.979042,3833.464671
3785.017675,3700.176048
3810.917949,3677.835404
3779.144793,3693.969030
3746.380986,3689.390100
3727.345321,3730.120635
3765.892477,3736.858761
3782.154123,3746.862105
3772.189839,3764.035817
3762.263398,3759.119079
3756.418195,3781.472429
3736.848535,3753.602785
3748.606057,3757.348758
3759.124779,3779.156437
3789.670266,3744.334871
3742.711400,3757.883032
3753.510553,3780.491177
3767.101739,3762.221092
3765.801743,3758.329567
3782.298606,3774.260183
3775.072835,3765.409509
3762.657555,3763.109923
3748.799809,3767.606011
3739.602813,3756.785168
3734.902983,3747.681362
3739.543501,3767.072326
3770.815235,3772.726334
3758.743984,3778.864656
3749.307561,3777.579723
3780.241990,3787.053918
3788.136981,3773.694995
3781.183509,3780.684999
3770.837718,3785.242201
3745.355183,3743.089313
3758.601382,3775.576771
3796.512500,3797.398320
3783.595087,3804.236197
3780.394460,3796.312316
3765.348248,3798.685685
3817.396399,3789.287185
3797.710909,3792.800447
2753.097064,5119.744908
2701.124493,5081.914345
2738.784339,5121.062541
2617.437806,5063.643376
2679.079624,5166.009941
2753.610892,5041.825965
2803.675113,5085.685235
2759.157244,5086.588502
2738.214066,5005.772406
2783.879515,5092.017558
2818.868602,5057.467324
2839.620269,5070.800016
2757.254019,4955.063898
2881.789141,4939.658101
2903.336400,4963.448289
2878.630619,4957.572928
2990.814672,4932.882926
2940.602890,4904.060132
2925.789644,4999.608369
2978.047147,5029.257558
2878.000384,4855.420432
2965.865582,4967.134887
2978.649967,5012.433390
2920.085031,4845.672582
2960.406603,4999.597221
2959.808481,5025.290730
2881.836423,4958.719385
2863.379879,4995.811440
2854.698151,4981.124799
2898.495249,4998.279294
2842.084582,4982.431555
2889.134639,5087.075528
2911.844003,5091.279491
2911.764616,4971.551976
2852.481245,5096.515080
2786.843952,5080.492410
2802.187153,5086.314017
2750.440182,5038.645302
2821.886741,5117.568238
2854.775801,5077.998651
3797.831954,3695.749908
3784.574505,3691.236890
3764.293466,3706.161898
3783.307382,3686.135602
3800.570695,3677.990164
3793.918612,3701.504719
3809.390674,3703.721591
3817.612789,3702.466272
3788.843973,3733.175182
3824.872528,3682.771504
3811.812128,3693.521132
3816.778937,3715.908006
3833.679018,3695.924951
3815.750135,3682.949031
3785.798022,3746.162864
3787.799909,3722.378675
3817.582311,3701.607515
3793.450719,3733.085475
3776.222156,3725.756238
3797.244616,3741.857702
3805.283006,3742.352901
3815.985789,3747.808682
3836.663294,3724.805851
3824.315488,3715.099949
3823.674681,3751.818338
3796.464047,3787.958381
3795.390115,3786.509381
3755.113609,3716.591700
3793.991661,3746.976934
3835.354001,3731.723419
3849.666034,3740.748894
3846.911092,3710.397866
3831.032569,3728.137098
3799.308634,3711.778557
3793.308712,3658.753883
3802.867175,3679.447069
3840.196472,3749.873840
3829.687057,3715.341744
3745.688367,3594.041019
3822.788008,3728.715138
2734.946445,5094.664710
2855.429253,4992.040943
2959.711827,4963.722659
2963.551435,4929.296527
2734.806452,4806.855927
2969.532016,4820.746424
3109.657868,4803.968480
3107.084958,4840.278410
3198.199420,4792.592412
3167.547467,4728.343187
3059.470076,4719.767009
3182.540997,4592.886779
3175.686006,4516.317800
3261.309506,4642.406969
3185.077733,4547.211819
3229.622869,4563.402219
3204.470457,4467.274822
3204.773474,4527.344010
3334.236465,4576.249423
3306.639735,4604.090719
3257.551030,4410.475869
3218.340986,4402.737573
3232.306380,4329.015278
3356.297119,4573.692981
3249.551984,4437.766050
3284.236573,4377.580650
3311.764475,4562.394117
3283.453984,4523.998842
3182.210494,4325.056448
3264.349164,4603.622528
3299.402911,4520.683402
3285.223635,4501.632769
3332.050144,4412.484269
3302.738806,4442.428201
3368.041344,4478.445537
3259.614669,4604.036374
3113.282040,4206.902562
3329.732052,4408.297538
3312.344555,4502.839883
3302.735505,4484.096591
