36
0.000000,1.000000;0.000000,150.000000;-1
0.242536,0.970143;0.000000,150.000000;-1
0.554700,0.832050;0.000000,150.000000;-1
0.832050,0.554700;0.000000,150.000000;-1
0.970143,0.242536;0.000000,150.000000;-1
1.000000,0.000000;0.000000,150.000000;-1
0.000000,1.000000;-15.153188,138.008418;0
0.000000,1.000000;-7.315590,149.224152;6
0.000000,1.000000;-6.646384,149.859017;7
0.000000,1.000000;-6.260689,149.905659;8
0.242536,0.970143;29.616107,144.762135;1
0.242536,0.970143;38.334989,147.926247;10
0.242536,0.970143;38.025871,148.752256;11
0.242536,0.970143;39.909200,148.850968;12
0.554700,0.832050;42.681685,146.273692;2
0.554700,0.832050;114.610824,124.217145;14
0.554700,0.832050;138.594956,118.445780;15
0.554700,0.832050;119.967639,127.960370;16
0.832050,0.554700;24.037388,124.832900;3
0.832050,0.554700;45.019978,100.168086;18
0.832050,0.554700;53.638410,138.971199;19
0.832050,0.554700;66.914810,141.199428;20
0.970143,0.242536;32.849396,88.372274;4
0.970143,0.242536;51.363039,89.784876;22
0.970143,0.242536;133.995300,84.677746;23
0.970143,0.242536;247.956946,29.589646;24
1.000000,0.000000;32.072131,105.869763;5
1.000000,0.000000;42.263017,85.388653;26
1.000000,0.000000;65.553948,123.815218;27
1.000000,0.000000;182.795500,44.228640;28
0.896410,0.443227;142.916512,102.969312;16
0.980581,0.196116;146.347688,93.313094;16
0.514496,0.857493;224.680948,76.273533;25
0.980581,0.196116;156.297001,107.055308;17
0.896410,0.443227;158.979719,111.912285;17
0.707107,0.707107;66.387078,138.485486;27
37
13
14
21
17
16
34
32
25
10
18
12
13
13
14
14
22
20
19
21
21
27
28
23
17
17
16
16
34
30
33
31
24
32
29
29
25
25
