494.473222,237.367103,2498.225888
498.522749,232.391605,2499.621981
502.455946,240.359967,2498.014157
506.255809,229.615310,2499.707525
508.056613,234.561397,2498.136877
514.938630,218.650860,2496.950402
515.420287,211.098030,2499.411709
516.536965,187.785570,2496.428033
517.417525,181.911130,2496.615199
518.959306,173.669419,2496.647010
521.377490,170.744500,2495.683474
525.284620,178.099831,2495.467713
525.887352,167.360560,2498.682927
526.042418,136.724418,2496.527186
527.430865,125.028188,2496.206910
527.937903,115.880140,2496.561359
528.628061,117.468972,2496.082252
530.768045,182.992148,2479.986000
530.994621,107.345463,2497.201512
531.297240,93.062245,2496.263512
532.167371,87.499313,2496.308892
532.554468,85.736088,2496.422726
533.275215,135.649371,2487.147529
534.560991,91.461113,2493.912634
536.683602,88.399171,2494.429557
537.005704,87.160444,2494.415404
539.454593,85.619385,2497.288059
539.484920,64.286054,2494.487238
540.411925,56.436285,2494.477660
540.604039,53.201584,2494.625445
540.624480,54.698423,2494.410697
540.639837,52.081311,2494.599353
541.308583,47.243475,2494.743774
541.380577,45.322587,2494.684955
541.392338,49.292801,2494.577174
541.698124,36.808038,2494.701887
541.824967,44.652006,2494.693308
541.888859,36.439700,2494.650271
542.301430,30.764627,2494.510400
542.342948,24.557163,2494.371761
542.367440,25.783830,2493.914210
542.468592,23.937695,2494.084821
542.503803,25.234754,2493.922184
551.698489,257.489063,2385.277430
554.318455,293.216565,2376.581273
566.479461,305.337908,2368.582036
653.756430,432.099046,2363.009832
676.523539,496.871680,2347.115176
681.827770,465.866719,2351.793004
697.058680,515.643753,2339.236425
725.810428,635.082184,2330.849775
732.471761,634.689197,2328.768265
737.693319,640.303749,2326.843550
739.231857,625.429674,2339.098314
742.734171,629.360077,2338.171206
747.999774,622.190490,2327.141944
752.677944,651.630736,2323.435043
760.569215,675.295665,2321.707397
761.487482,675.165067,2319.429834
763.089554,684.890466,2319.058742
766.197622,683.577552,2319.065586
772.942293,671.947708,2323.215684
777.212686,678.541517,2318.934938
785.009215,630.416453,2317.554267
845.268414,692.669443,2313.648316
854.247294,734.500042,2305.797979
854.575145,756.430581,2300.046552
858.483083,692.967025,2308.774553
863.752807,755.797398,2299.996439
867.370339,767.089205,2295.371351
893.333048,751.451922,2297.050404
908.291870,824.033050,2278.436872
908.859800,748.941315,2296.571560
919.722016,761.202064,2294.285731
927.510639,774.243298,2291.171996
928.932157,791.221125,2287.818472
932.615415,837.276644,2276.985575
935.292770,874.830635,2266.187773
944.866145,810.300981,2281.016196
954.721132,894.954495,2261.521351
961.310175,896.773656,2258.492392
962.337146,820.141851,2277.228485
972.904410,833.451467,2273.140681
981.500535,864.349372,2265.915332
1002.610214,906.392206,2252.517732
1004.119419,872.642403,2263.190454
1019.158287,933.057276,2244.718211
1035.964701,878.090512,2258.563149
1050.030559,953.918218,2240.383483
1061.209826,954.056717,2236.146092
1080.880509,1046.769869,2193.540133
1140.355197,1008.117300,2221.007049
1146.455933,1014.221695,2220.120422
1152.924514,982.602829,2224.287612
1198.228212,1017.222313,2211.104582
1257.185652,1211.922812,2183.312941
1350.809835,1331.555866,2176.976568
1383.973133,494.221501,2180.379993
1420.548553,1366.540387,2158.985971
1436.762670,1431.841415,2157.282191
1444.034066,1363.542881,2149.315217
1508.178398,842.488303,2177.194505
1515.018051,1459.927842,2140.051427
1645.166425,1597.780783,2136.947503
1738.938138,1697.963854,2121.669312
1752.816545,1794.137095,2116.133831
1813.758792,1861.548943,2099.928100
1833.518829,1932.549830,2099.320411
1893.568879,1987.580518,2085.060662
1926.088311,2091.324836,2062.572066
2068.265239,2166.117810,2059.859836
2099.746709,2205.511526,2048.777910
2109.573905,2014.614687,2052.580138
2123.065800,4888.867970,1640.878816
2130.964483,2066.721844,2048.219532
2161.193102,4981.433050,1626.832772
2168.228147,3914.611110,1757.414148
2169.688418,4949.646432,1635.494147
2172.905544,4974.606562,1630.836886
2174.221258,2743.167242,2018.193887
2175.874591,2737.019051,2017.536746
2179.481160,5007.430708,1622.462753
2184.453726,2668.081258,2018.507363
2188.413293,5010.452505,1620.147634
2193.672212,5025.027409,1604.949473
2194.804035,2802.514260,2014.433356
2194.824066,5003.684640,1617.329258
2196.601020,2824.635199,2012.456289
2197.173276,2654.240720,2017.029028
2202.312260,2790.295071,2014.703850
2212.223480,4037.516522,1721.232782
2217.490712,4064.708152,1713.420644
2219.678730,2651.724001,2015.811557
2219.746598,4962.185316,1629.113448
2221.174980,2794.364647,2009.500354
2221.821059,4992.093124,1624.287875
2223.341791,3738.307660,1792.644548
2223.520800,2935.768141,1994.793896
2227.348799,2843.553508,2003.877534
2230.777973,3710.636952,1793.207889
2231.291188,2228.774374,2034.100793
2231.639211,2613.918907,2013.588117
2233.692720,5072.168441,1600.071490
2238.299430,5012.359015,1606.543215
2238.549831,4728.098761,1629.496335
2239.593326,5103.393997,1579.049475
2240.156433,5081.542428,1592.209797
2240.674612,4689.239484,1645.882764
2242.205321,3788.629165,1780.580036
2244.530556,3113.556765,1977.324511
2245.424440,5082.454064,1580.141001
2246.514332,2945.016558,1992.485246
2248.147832,2829.451228,2005.116642
2248.186504,3756.267850,1779.304284
2249.331974,5043.678647,1603.401654
2249.723459,5063.236086,1591.208796
2251.050324,5058.630898,1602.137223
2251.853381,2671.163940,2011.380131
2257.628225,5067.530869,1585.960852
2257.654561,3810.488485,1778.310610
2260.447873,2943.611146,1991.219549
2261.032232,2906.127421,1993.668681
2263.161799,2908.937667,1993.338272
2263.242196,3154.794823,1968.083876
2265.551405,2845.900613,2001.841900
2269.985217,4714.196440,1640.969723
2276.613203,4773.309212,1622.172791
2280.341912,2272.590856,2026.384636
2280.402178,2946.195715,1988.892545
2280.760824,2973.532126,1985.911367
2284.035575,1551.672749,1999.607392
2287.375298,2985.895722,1981.649797
2287.884973,5108.341817,1567.851144
2288.143387,3163.670032,1964.395121
2288.401609,3821.950256,1776.339858
2297.233119,3174.020439,1960.369270
2299.132810,5129.442383,1552.795846
2302.147813,3857.267345,1766.245801
2302.590473,3048.015753,1973.213906
2303.496733,3022.186652,1976.151779
2304.858679,2993.589293,1980.181510
2307.307962,3112.685538,1967.987395
2307.880953,3179.895936,1958.656351
2308.499557,4865.690153,1605.396769
2309.356241,4878.649541,1584.440634
2311.436956,4809.886921,1616.556981
2311.831264,2982.007175,1980.939712
2313.016219,3202.662541,1951.398451
2313.218788,3151.735594,1964.260727
2313.318652,5169.843931,1540.631717
2317.778695,3138.365145,1960.850185
2322.830830,4887.895202,1582.803088
2324.292906,3884.435797,1758.425296
2329.087018,4385.616977,1691.545617
2331.066551,3036.667483,1972.222828
2340.836288,5169.080807,1543.475141
2341.282341,3903.913175,1748.309175
2342.764594,4856.511434,1605.965435
2344.322520,4665.730627,1645.054219
2347.097432,3885.919572,1757.963969
2348.478952,3113.257804,1962.635244
2353.964068,3872.173067,1753.256684
2354.347982,3895.173473,1750.726502
2360.771099,3886.288606,1748.780936
2360.922445,5163.036993,1547.924185
2364.246745,5216.750138,1529.323108
2366.378022,3227.326050,1943.839368
2368.925847,3882.143702,1743.149043
2369.253603,3111.774397,1957.168363
2369.539872,3467.901568,1900.253883
2370.871039,3255.481259,1939.169968
2376.289408,5357.267010,1461.439046
2378.684889,3395.162672,1914.854683
2379.511544,5159.359507,1502.615035
2381.423251,3338.711072,1925.195988
2382.744169,3389.965458,1917.911516
2388.768419,3471.009199,1891.757295
2390.234932,3093.990573,1953.516600
2390.458935,3039.895257,1963.575417
2393.436371,3459.910630,1899.072843
2395.011581,5239.654855,1497.512663
2397.304106,3383.601725,1913.967093
2397.839343,3361.160995,1915.182563
2398.196120,3905.992697,1742.268557
2401.988177,2467.224368,1990.354424
2402.692317,5348.508362,1464.754528
2404.186911,3511.598932,1876.041174
2406.176092,3089.861859,1946.305174
2406.367032,3906.434598,1742.250496
2409.740016,5373.709925,1449.804500
2409.779339,3441.959014,1895.868824
2413.380987,3085.747885,1950.156233
2413.645821,3412.099492,1909.594902
2413.971393,3055.570243,1956.427917
2416.245382,3577.339357,1861.000586
2417.142598,3572.289844,1856.902872
2417.203963,5369.733075,1449.659054
2417.551086,3500.616690,1884.934403
2419.154381,3040.147706,1960.334830
2421.351018,3071.922934,1945.572046
2421.777489,3428.706803,1901.987440
2422.222036,3307.043173,1919.742288
2424.004386,3291.725776,1923.068516
2426.617358,3494.872022,1882.629509
2426.910547,3944.275313,1735.306865
2429.287873,3396.793623,1907.078743
2429.896544,5403.867035,1443.005771
2431.107888,5382.436476,1449.493673
2432.073340,5360.764432,1452.836140
2432.184447,5231.585637,1481.247551
2432.750024,3477.769249,1887.448999
2434.630783,3364.696050,1911.630976
2435.900475,3483.512736,1884.655178
2435.981020,3938.816903,1726.313768
2436.104745,3503.520154,1872.956688
2437.452360,3576.080762,1856.130033
2437.520711,3898.287158,1736.326559
2439.025178,3351.324432,1915.481775
2439.466452,3378.888615,1910.549739
2440.093831,3577.414040,1855.920693
2440.139911,3134.282197,1944.194615
2441.772589,5461.562531,1423.463778
2442.049863,3430.306296,1897.757150
2443.191993,3922.529168,1733.179316
2443.529778,3456.049459,1891.006440
2443.603484,3480.584995,1885.966887
2444.636121,5491.741828,1382.072250
2445.199545,5490.493188,1411.446312
2445.478845,3620.250182,1847.154166
2445.871596,4746.079411,1625.576345
2446.610146,4711.324643,1615.014585
2446.626668,5439.688436,1441.633178
2447.476971,3562.552057,1867.354009
2447.758852,3461.860750,1887.946019
2449.112993,5364.641725,1451.994345
2449.211334,3932.974293,1724.057374
2450.108112,3635.653859,1845.194541
2450.362485,3377.195763,1898.708960
2450.631668,3490.863906,1883.611415
2452.366601,3359.453609,1907.231437
2453.615417,3358.326581,1907.980757
2453.795612,3499.048123,1882.292971
2454.174865,3618.255603,1849.690137
2454.292461,5483.237804,1421.926223
2455.382478,5486.968232,1389.556609
2458.070217,3088.395679,1945.141452
2460.097848,5445.867357,1433.131771
2460.174041,3621.860783,1845.694993
2461.237810,5484.765649,1399.963778
2462.413888,5463.230933,1416.040093
2462.440869,4642.941612,1647.813903
2463.469127,3599.209034,1851.232548
2464.798665,3591.982691,1854.850973
2465.305101,4762.789506,1600.158331
2466.272257,4758.871302,1597.058943
2467.705587,3626.806625,1843.121921
2468.933745,4629.583671,1640.562090
2469.884012,3924.639031,1731.282589
2469.950152,3339.047251,1908.250018
2470.856646,3587.080980,1849.922304
2470.998174,5483.723764,1388.813114
2472.037007,5476.225865,1414.939736
2472.154140,3570.500695,1858.307505
2472.561970,3410.126188,1897.417714
2472.849219,5419.521461,1432.246846
2474.113817,3642.765889,1837.493673
2474.210115,4617.522482,1654.125342
2475.026893,3531.882645,1870.993657
2479.520775,3363.799802,1903.759131
2481.213728,3652.887559,1837.280722
2482.397104,3368.626665,1902.414136
2483.329387,3410.482901,1895.301586
2483.455901,3348.134992,1904.454847
2484.290135,4737.549547,1613.019820
2484.297347,3626.966552,1835.836138
2484.378020,3617.950836,1838.759699
2484.706148,3460.981530,1879.903154
2485.817137,5456.721164,1411.458279
2486.236452,3400.354837,1896.749968
2486.403952,4740.171758,1611.027218
2488.079739,3560.165761,1855.815987
2489.486060,3395.985349,1896.037993
2490.219938,3122.070274,1927.408777
2490.559821,4761.738361,1594.208385
2490.881498,5469.731746,1410.284330
2492.244531,5405.327843,1426.819619
2492.712824,3532.731218,1857.027330
2492.714940,3399.741397,1895.948218
2493.684836,3582.901701,1854.411188
2493.754729,4745.309561,1603.924432
2494.598442,3411.148112,1894.496795
2494.721201,3393.540657,1891.985101
2494.998404,3411.374234,1891.347802
2495.333471,3512.661322,1870.071441
2496.741189,3612.018002,1843.329669
2498.046721,4738.735207,1592.247064
2499.946835,3079.092499,1931.545726
2501.259183,3422.806739,1890.351377
2501.291886,5566.219342,1350.576886
2501.856317,3179.878165,1926.880581
2501.909552,3524.991384,1856.301995
2502.309533,3418.565594,1890.389415
2502.973451,5387.963651,1446.541666
2503.377749,3401.097070,1890.634745
2503.766432,3426.915596,1886.957823
2504.114801,3365.419909,1900.141822
2504.229643,3650.298190,1831.727512
2504.332561,3393.378848,1892.940489
2504.972085,3626.074864,1832.556451
2505.094999,3621.915414,1836.453156
2506.617075,5564.440125,1348.897422
2507.361979,3148.911453,1917.203323
2507.905149,3394.783517,1891.306659
2509.695931,3642.786980,1830.586678
2511.294972,3595.855434,1844.345860
2512.021150,3436.606318,1884.442557
2515.490373,3444.740901,1873.443128
2516.217040,3619.341529,1830.952490
2516.934499,5391.573005,1421.021736
2517.344208,3547.186025,1847.127318
2517.910188,5483.399991,1404.675585
2518.072557,5492.886636,1378.201938
2518.214506,3647.052008,1819.900035
2523.833312,3478.946769,1872.715739
2523.880400,3442.711379,1873.037156
2524.102245,3515.154917,1865.341295
2525.547301,3642.885148,1824.955179
2525.871126,3575.765118,1841.343027
2525.889186,3598.587310,1838.349910
2526.065696,5486.500185,1383.978354
2526.986316,5561.088526,1349.202545
2527.244734,3568.444327,1838.910607
2528.539100,3641.385912,1823.324009
2531.491711,5479.297783,1401.033259
2531.804987,3415.919487,1883.981414
2533.351974,3412.663170,1886.636645
2534.711278,5575.208501,1344.682746
2535.757041,5481.938884,1397.504903
2537.416244,3526.292019,1853.194370
2537.989072,3599.913752,1833.390813
2538.139632,5479.409074,1385.588739
2538.142304,3404.508281,1885.076840
2542.901862,3432.170477,1883.169586
2543.498172,3200.254165,1913.294380
2545.278177,5104.369673,1531.881192
2546.813868,3410.936115,1883.668877
2552.803141,3430.320672,1876.813752
2552.936664,5436.771352,1411.479498
2553.178699,3437.495145,1876.302362
2554.792826,2002.005666,1975.795696
2554.864061,5124.378752,1531.217990
2554.875472,5530.947183,1372.125251
2555.416768,5568.780874,1348.141800
2555.497113,3519.798342,1851.860803
2559.043245,5546.707691,1358.537325
2559.048343,4983.374397,1504.376569
2560.950109,4964.977376,1541.022606
2562.525626,3581.918355,1828.323522
2563.118908,3535.175056,1849.658428
2564.270954,3229.698126,1902.301550
2565.011484,3501.813753,1862.757300
2565.746429,3715.386393,1790.938063
2566.060998,5577.479662,1308.772029
2566.232126,3684.427702,1810.781960
2566.536667,5549.296121,1335.378767
2568.408503,3659.629463,1814.406696
2569.231938,5459.105693,1404.954779
2569.391792,3424.644046,1877.011962
2569.562244,5205.783476,1495.193522
2569.612598,5491.643649,1366.623050
2569.847698,3558.038054,1838.168218
2570.319715,3494.747021,1870.492407
2570.562602,5581.689069,1303.743734
2570.648143,5560.268280,1321.558019
2570.938109,5469.212116,1387.692499
2571.100893,5416.025137,1418.187747
2571.932501,3438.553077,1872.435092
2572.326488,3624.802749,1819.977197
2572.589038,5463.796514,1386.706881
2573.905267,5427.677031,1407.616278
2574.368211,3679.613439,1812.634908
2575.132919,5524.196573,1349.342828
2575.164970,5440.142648,1390.052756
2576.231597,3678.940443,1812.401942
2576.434018,2032.688062,1974.503229
2576.826431,3709.530614,1791.327772
2577.496010,3695.402194,1806.709398
2579.093322,5584.138696,1297.376035
2579.433919,3536.300124,1844.793088
2581.469511,5369.654952,1429.085283
2581.767126,3499.216730,1867.444817
2583.299028,3705.283888,1792.861766
2584.990064,5354.645016,1420.724442
2585.108404,5546.654050,1346.903811
2587.113336,3704.404231,1800.459759
2588.989334,5490.723811,1360.075908
2589.092425,5580.555256,1304.500282
2589.477145,2066.512622,1957.503631
2590.072830,5486.799722,1353.050632
2590.360414,5231.311338,1493.298412
2591.866775,3704.754653,1794.752698
2592.547412,3484.030609,1868.320199
2593.253599,5408.062274,1405.456412
2594.363567,5258.301555,1466.756332
2594.442512,3628.969110,1810.928741
2595.824217,5576.215958,1316.260245
2595.831656,5564.073622,1321.245192
2596.461112,3524.723195,1851.610015
2597.456843,5374.868374,1408.184475
2598.397230,3228.263341,1897.575730
2598.989712,5145.824087,1499.269104
2599.756127,3983.383326,1722.306411
2600.599885,3522.307120,1849.750129
2602.365227,5556.790642,1335.095888
2602.519689,5555.551805,1319.659913
2603.196676,3516.667541,1856.012624
2603.541885,5583.546675,1290.063777
2604.735016,3677.032879,1799.586625
2604.811060,5613.348544,1265.311434
2604.960992,5505.155217,1339.059145
2605.396999,4005.087044,1711.820782
2605.426113,3640.349674,1810.026104
2606.246848,2107.217995,1950.011280
2606.974784,5557.177090,1312.986717
2607.759919,5252.887195,1456.885379
2608.137899,5495.025237,1346.090276
2608.990601,5571.085005,1312.724041
2609.406281,2044.097564,1968.040747
2610.598568,2102.115230,1946.150556
2610.994178,5507.275195,1333.483711
2611.948733,3632.957642,1808.543191
2612.912311,5199.741438,1487.994432
2613.611748,2151.975322,1938.485919
2614.006247,3666.845010,1802.809807
2614.219772,3616.806783,1815.706592
2615.118850,5605.444547,1290.034118
2615.244415,5555.259840,1308.963245
2617.523179,3678.248340,1797.586164
2617.701526,5128.391560,1463.750232
2619.383256,3725.896562,1776.957823
2619.608097,5305.746126,1448.756759
2620.154183,4007.753788,1709.963236
2620.207333,5584.696697,1283.243929
2620.518761,5548.123263,1328.205462
2620.677169,3520.592301,1850.047140
2621.294503,5321.038648,1419.951566
2621.295981,3726.766603,1770.295167
2621.633743,5346.047491,1414.315007
2622.038297,5371.001870,1404.939558
2622.315334,3570.029259,1828.356257
2622.642169,3719.275038,1786.993278
2623.660150,5448.397299,1371.451730
2623.869363,3698.016536,1784.642194
2625.581636,5563.064017,1306.609051
2626.297519,5611.345545,1249.601110
2626.480891,3615.761736,1808.936192
2626.643552,5561.933205,1290.136039
2626.955850,3421.065946,1882.592075
2626.967330,3493.358079,1863.219282
2627.878551,5438.586293,1382.735004
2628.493118,5599.350160,1233.625708
2628.892004,3567.313848,1814.553027
2629.186198,5553.998689,1312.207064
2629.402988,3724.819801,1779.080293
2629.695309,5172.230546,1448.778209
2630.182548,3462.181726,1860.536593
2630.298922,5561.821997,1293.394298
2630.965298,3639.682474,1806.360868
2631.310089,5164.011823,1450.057695
2632.877044,5306.662969,1432.280065
2634.302940,3674.960077,1794.857065
2635.283780,5420.232203,1392.395826
2635.709475,3460.115734,1858.697108
2636.161799,3740.671331,1765.433993
2636.277231,3591.513229,1806.432000
2636.281399,3415.870178,1879.540557
2637.319079,3550.455566,1836.488576
2637.344293,4012.620105,1706.975290
2637.801088,5159.677936,1459.905425
2638.579840,3558.629942,1825.531367
2639.399255,5566.637468,1285.194004
2641.172575,3708.667443,1773.040541
2641.736148,3271.719398,1878.465580
2642.318540,3746.697480,1762.363372
2643.053473,3701.534555,1780.237717
2643.427165,5594.699302,1248.587212
2644.332958,2055.209589,1960.300778
2644.645188,3764.746371,1742.313234
2645.182344,4004.053613,1718.635398
2645.384567,5604.302190,1232.371190
2646.236116,5300.795441,1436.728378
2646.698499,3433.810818,1873.168249
2646.736044,5075.526981,1465.286420
2646.838241,5252.625892,1443.514155
2646.844940,5519.025452,1320.543809
2647.034510,5271.376159,1417.455300
2647.728010,5417.253329,1401.902807
2648.903153,5416.499007,1390.917207
2649.577907,5557.329413,1290.376137
2649.879143,3446.227914,1870.269594
2650.344498,3246.570932,1883.715702
2651.190697,5331.079360,1411.620812
2651.489056,3552.896490,1834.821185
2652.218616,5554.860507,1295.008721
2652.264535,3492.730588,1857.436540
2652.423908,5240.862191,1444.982984
2653.056511,3579.474723,1806.672174
2653.251028,3248.207821,1879.285501
2653.439353,5260.130569,1430.964998
2653.899413,3452.920564,1870.150421
2655.337878,3454.042006,1857.798252
2655.809808,3992.921071,1710.270509
2655.976882,3459.673563,1854.972867
2656.594934,3665.882646,1789.432590
2656.847710,3970.795864,1721.329166
2657.042144,5344.282491,1407.390789
2658.050703,5446.279676,1353.897111
2658.229306,3457.013173,1854.690181
2658.511027,3676.816740,1788.794980
2658.759873,3453.952515,1867.808002
2659.346021,3986.355840,1715.994885
2659.403865,3436.515115,1872.848925
2659.966391,3012.448829,1869.757677
2660.572314,5412.776485,1393.746661
2660.860744,5308.726630,1387.652485
2664.424056,3586.574698,1793.097086
2665.883762,5412.541695,1369.008473
2666.118708,5409.212907,1360.446758
2666.295561,5261.152360,1423.605440
2666.834344,3615.656507,1792.075883
2666.957513,5160.111587,1426.812155
2667.497372,3710.627944,1770.721512
2667.601113,3723.149982,1766.143675
2668.929869,5572.860032,1276.499127
2669.713741,3990.269152,1712.010690
2670.724546,3728.491802,1764.155789
2673.579622,3453.139223,1853.268335
2674.378761,5552.303041,1279.949891
2675.916864,3280.657161,1869.161390
2676.265719,4790.771536,1573.053111
2676.390377,5341.324683,1383.020842
2676.401380,3755.143444,1755.475677
2676.573553,3753.433087,1750.610018
2680.477980,4830.713313,1560.755534
2680.746205,3451.836141,1862.650649
2681.271511,2574.365252,1874.545731
2681.509124,5416.840533,1351.461379
2682.042906,3980.787392,1714.561245
2682.104015,5305.484370,1400.960688
2683.367088,3971.318969,1709.644947
2683.882865,2236.771329,1921.129938
2683.980879,3481.361462,1853.113935
2684.297380,5386.512067,1381.670337
2684.803107,4816.066222,1566.132111
2685.553215,5433.980576,1341.095803
2685.613146,5378.737035,1346.084199
2687.141878,5534.977495,1293.580380
2689.718005,4797.899718,1560.670255
2689.857297,5428.182563,1342.856347
2691.115317,4258.371813,1703.166682
2692.454202,3759.901464,1744.442689
2692.780350,5339.162078,1360.778201
2693.323269,3740.463274,1750.169156
2693.571854,5373.919752,1359.714879
2693.642857,3747.717610,1746.768997
2695.948297,2093.245726,1952.910153
2699.036578,4886.851532,1554.770518
2699.293002,5378.071368,1356.812945
2702.679738,3269.743187,1860.973305
2704.801489,4346.311639,1695.267281
2707.415005,5329.685689,1364.619613
2708.200850,3252.720044,1868.147041
2709.227666,4879.818396,1558.118456
2709.392590,2677.248525,1863.144441
2710.138846,3386.024104,1848.207135
2710.624741,3775.747802,1738.434896
2710.805428,4789.429442,1577.984224
2710.987260,5437.194894,1333.889648
2712.562016,3767.843000,1740.780110
2712.996379,4022.003152,1705.817827
2715.269556,5321.113578,1383.179507
2718.563490,3687.566112,1780.981530
2719.869978,5385.574760,1338.204832
2720.169523,3758.649867,1735.522598
2720.622504,2303.925651,1910.026898
2721.485614,4529.969666,1657.765797
2722.277837,2423.002679,1889.983690
2723.252096,5259.069316,1387.176991
2724.156853,2358.986134,1902.356555
2724.879191,5419.608797,1337.566870
2725.640512,2323.679402,1909.468574
2727.422551,3561.741363,1809.613930
2729.929896,3496.799123,1847.932250
2730.392275,5261.145289,1383.628594
2730.826761,2673.626881,1851.586253
2731.817953,4514.841091,1673.889530
2732.248823,3948.399171,1710.333603
2732.759583,4628.003547,1639.213511
2734.828179,3997.791910,1706.624009
2735.903716,5333.471778,1359.917202
2736.576281,3759.672524,1731.825144
2736.637113,5247.555498,1394.196789
2737.649708,4869.689743,1543.472208
2739.633926,5354.259605,1345.211978
2739.890914,5376.429272,1333.963745
2742.421315,5258.787889,1386.020495
2742.828466,5316.013937,1373.528184
2743.192767,5368.545729,1328.765577
2743.283308,5321.895402,1362.763579
2743.347678,3067.634245,1847.747033
2744.420469,3255.410696,1846.455883
2744.981794,5348.406103,1325.775590
2748.025370,3494.394205,1838.668289
2749.171123,5295.493770,1357.782780
2749.286908,5256.242406,1385.504847
2752.839918,5343.356144,1337.438475
2754.300104,2483.838367,1887.364767
2754.339124,4589.292955,1653.785130
2754.964462,4039.770709,1700.197427
2755.267648,4006.706370,1697.282389
2755.402516,5225.782247,1399.251235
2756.018443,2471.170464,1875.979820
2756.289093,2510.730457,1867.566148
2756.355545,2400.789958,1890.690186
2756.703565,5223.588963,1398.220351
2757.453896,5236.551018,1387.961368
2759.617854,3999.645888,1702.678165
2761.352184,3260.412177,1841.254477
2761.665293,4046.830113,1694.755775
2762.226893,4488.256391,1661.376086
2763.617156,2591.730013,1863.035336
2765.481060,5327.102666,1348.952717
2765.572629,4006.958639,1696.367697
2766.153271,5168.975990,1398.665851
2769.115042,3478.561349,1837.506231
2770.841836,5264.999445,1370.187662
2770.919911,5313.272827,1348.979365
2771.913260,5280.608784,1351.841232
2773.657452,2619.009153,1860.446956
2773.983467,4032.937868,1694.302657
2774.661223,4665.577834,1624.839364
2775.124026,5086.619830,1434.346948
2775.513633,5301.741344,1347.513490
2776.208759,5151.290148,1417.755986
2777.423913,5333.957642,1342.916819
2778.919559,3998.900341,1703.270086
2779.062075,5164.009260,1403.255212
2779.582464,4954.568091,1461.218013
2780.705973,5162.003858,1406.248651
2782.555578,2761.082528,1843.233773
2782.559949,5216.259828,1397.389126
2783.009014,3284.413003,1825.357427
2783.088679,4031.115255,1693.838313
2783.566574,5162.544476,1404.625782
2785.366549,4022.366851,1695.445152
2786.106733,4027.148865,1691.914346
2788.107102,3115.125867,1839.288324
2789.336747,5263.686919,1373.227713
2791.786778,2787.784428,1835.649760
2794.980033,4029.045064,1691.682317
2795.312186,4690.097800,1623.711362
2796.213701,2230.291644,1926.378277
2796.227410,5311.372972,1307.553564
2797.028869,4925.515558,1511.233227
2800.723791,4988.472451,1457.826571
2801.668739,4073.971323,1671.353004
2804.991594,3339.205783,1825.186305
2805.084149,4017.290420,1695.239446
2805.125840,3322.635274,1824.395861
2806.403414,2759.058728,1840.752373
2807.092445,4725.508232,1599.346633
2808.719176,5225.173302,1380.065042
2809.397684,4044.483288,1680.913820
2810.452550,2801.249909,1830.736697
2810.782317,3285.759778,1823.744030
2810.973436,2735.767577,1838.488312
2811.148642,5204.474759,1390.281695
2811.824852,4083.836568,1663.443212
2811.935721,5277.779382,1363.954914
2812.493270,4665.833604,1617.214097
2813.541592,4685.730759,1609.874942
2813.646419,5263.541932,1350.402734
2816.442032,4094.115643,1662.299542
2819.763489,5302.544168,1339.317020
2820.188356,2668.854994,1849.877136
2821.189288,4945.402828,1480.365184
2824.043207,5257.540844,1333.554346
2824.356748,5235.645777,1336.190337
2824.387203,3329.739033,1813.033564
2824.846110,3262.987010,1818.557131
2825.237888,4019.053795,1687.985246
2825.262399,5052.215582,1449.786986
2825.265826,4069.196339,1676.939539
2825.526582,4076.361478,1662.563977
2825.965618,4863.287935,1536.586249
2826.469986,4922.397826,1509.160614
2826.669475,4057.610756,1678.172100
2829.003549,4042.183254,1686.280396
2829.588470,4711.456619,1606.421446
2830.619266,5288.154492,1316.250541
2831.656461,4043.310317,1670.461250
2835.696612,3300.349512,1814.106009
2836.453130,3445.052348,1782.090373
2837.158240,5154.518548,1395.922958
2838.093689,5219.331136,1384.955727
2840.500692,5074.844956,1438.267378
2841.503884,5116.780735,1424.704331
2843.407450,5119.764662,1424.356323
2845.484615,5198.768537,1364.101558
2845.906937,5103.179774,1432.473981
2846.388219,4932.532358,1471.735303
2848.806348,5016.411732,1446.080984
2849.556129,4862.976615,1552.599299
2850.421141,3400.841801,1794.625660
2851.045573,3361.764821,1802.406746
2851.218991,2300.429743,1918.881028
2852.130402,2933.630253,1829.822197
2852.627085,5134.023807,1418.602281
2853.031188,3441.819730,1775.380831
2853.426062,5116.470113,1413.524735
2853.454104,5194.228808,1354.199333
2856.705084,4032.885845,1673.364638
2856.863038,4850.728164,1545.492892
2858.482848,5188.325426,1387.493831
2858.726747,3435.151719,1776.071913
2858.896652,5141.743962,1373.789823
2859.401378,3453.957733,1770.273812
2860.761904,5247.340919,1334.787360
2863.031043,5270.349052,1326.309593
2863.134183,4065.360472,1666.944700
2863.503098,4941.576084,1454.340727
2864.441950,3172.339392,1819.808543
2865.890791,5082.984407,1424.479545
2866.312112,3387.642341,1801.924954
2867.905596,4843.646841,1560.225619
2868.816580,3341.782011,1798.279273
2869.171562,3269.506976,1809.305647
2870.975411,5115.677664,1416.190362
2871.180041,3400.520980,1795.608188
2871.561908,5089.807599,1420.261908
2871.921256,4915.097223,1516.390307
2872.624526,5097.753983,1411.041368
2875.050949,5021.587611,1439.184481
2876.959126,5085.498755,1415.742512
2877.785669,5096.965166,1402.842822
2880.327416,5021.631937,1426.186512
2880.855128,4947.956765,1453.931964
2881.815433,3392.307814,1795.209602
2882.818955,4935.528799,1447.323324
2883.192067,3444.004022,1772.735334
2883.478892,4859.580730,1462.841351
2884.106116,5113.058377,1385.565486
2885.454847,3431.947174,1777.018526
2886.467917,5053.206620,1397.798363
2889.322041,4897.757776,1462.496819
2889.969626,4757.020036,1571.933623
2890.507872,5044.031625,1388.623372
2891.451374,4911.792692,1445.546469
2895.822344,5022.045398,1403.241619
2896.075078,5000.852223,1406.035052
2902.403221,4701.731033,1487.425383
2905.158150,4624.436136,1525.347120
2909.214802,4638.782011,1511.036509
2909.223946,4874.786955,1444.694288
2910.176060,3220.403372,1803.955656
2910.352471,5056.488270,1373.696087
2910.996937,3400.826081,1781.485704
2913.824676,2977.963111,1806.206173
2914.910229,3393.895797,1783.720057
2915.386192,4863.657638,1451.687119
2917.193933,2312.945366,1903.678389
2918.166452,4995.001629,1410.747983
2919.628576,5025.541243,1395.863954
2920.073145,3408.870480,1780.752282
2920.525982,4851.936344,1469.247643
2922.425853,3481.314349,1755.353218
2923.861298,4820.786921,1460.314198
2923.885184,3417.526483,1771.228638
2924.985497,3406.874581,1760.701731
2925.827137,3033.584013,1802.484545
2927.564860,4745.508138,1454.007980
2932.147678,4872.372741,1431.869647
2935.758776,2391.240391,1897.261560
2938.299422,3397.368818,1781.872530
2946.836287,3171.193014,1800.492280
2947.802464,3266.912142,1794.856213
2949.166164,3523.256075,1735.472839
2949.959365,3434.445346,1758.229950
2952.759719,3507.258242,1732.966088
2956.291575,3093.178494,1792.638549
2958.550572,3483.978345,1750.417549
2958.903351,3396.659969,1769.060655
2961.552824,3043.517586,1793.560935
2963.025079,3500.371938,1741.969252
2965.092600,3401.982351,1766.927790
2970.538403,3468.934342,1732.073699
2973.002871,3500.124828,1729.564936
2974.098436,3520.295506,1723.954213
2978.616443,3460.025791,1744.444322
2983.458466,3388.882427,1758.728381
2983.479811,3520.130437,1726.682695
2992.393256,3541.166992,1714.186271
2998.253289,3453.267935,1741.359862
2998.743639,3500.867020,1729.503196
3002.576351,3460.083375,1730.706915
3003.643744,2447.265995,1881.091070
3004.764971,3456.716156,1740.922736
3007.553092,3462.783255,1723.289406
3008.291707,3303.427649,1787.719336
3012.901729,3449.506589,1742.096736
3013.446446,3393.584874,1747.940597
3014.754435,3510.719536,1718.030993
3018.614240,3451.517989,1739.418739
3020.719134,3418.568660,1740.292295
3024.535902,3562.508841,1683.871112
3024.981119,3523.836083,1709.245305
3025.720184,3218.198367,1783.488998
3026.520173,3256.565231,1781.962311
3029.885572,3560.842056,1706.734819
3031.637515,3633.131769,1666.348393
3032.487316,3552.730113,1706.758002
3033.996209,3170.577677,1778.208486
3038.675820,3507.569912,1709.813544
3039.192271,3397.565100,1743.044698
3040.805084,3495.426737,1722.634360
3041.426460,3594.340559,1660.255872
3041.896389,3582.073002,1669.967632
3042.266177,3446.221864,1736.622348
3043.539179,3580.219588,1669.356778
3043.576058,2441.465247,1863.044428
3045.969658,3482.321202,1719.993496
3048.030486,3574.170818,1672.513349
3050.898098,3433.145632,1736.723858
3051.375617,3447.915520,1731.741629
3054.564545,2428.810655,1867.327000
3059.652885,3622.382700,1654.933634
3059.746853,3333.748882,1770.545795
3064.018544,3387.490590,1737.410773
3065.927027,3658.004513,1654.072015
3067.298918,3446.378012,1732.448876
3067.519431,3326.896736,1766.068786
3069.759574,3305.031540,1770.059750
3070.687800,3412.633161,1730.328940
3077.354259,3297.484643,1771.552653
3078.915203,3288.737414,1776.518810
3079.845832,3317.340133,1766.759019
3080.123338,3390.566044,1720.689466
3082.795829,3602.816233,1650.757064
3083.195404,3657.884298,1641.925363
3084.417600,3554.834498,1692.584675
3087.420485,3362.095674,1757.569212
3089.589053,3566.258707,1680.783120
3092.570606,3340.763116,1758.575679
3092.860959,1769.506204,1870.722411
3094.774699,2476.755833,1841.037683
3096.085084,1712.510949,1867.077736
3098.750846,3333.589826,1758.867926
3101.750475,3593.368757,1649.459661
3102.351265,3411.473808,1718.726767
3102.411490,2020.630790,1853.829677
3103.713990,3654.733049,1628.118327
3104.812376,3448.154305,1708.030491
3104.993255,3329.075032,1765.139993
3105.855125,2468.558768,1853.204038
3107.251569,3744.944863,1577.287543
3109.987196,3559.347479,1683.881590
3111.351803,1848.137229,1866.953143
3111.819996,3519.122673,1686.357707
3112.044735,3267.525439,1770.358473
3112.274445,3231.300460,1759.286223
3112.363451,2091.126225,1848.920415
3112.448910,3203.652244,1762.702728
3113.695670,3343.925234,1758.270067
3115.336386,1924.653344,1861.181290
3115.576044,3552.408389,1661.468044
3115.977026,3712.494549,1610.878477
3119.596164,1932.235183,1856.972227
3121.134357,3660.425569,1611.887428
3121.260280,1687.952720,1857.308545
3121.302171,3383.394991,1748.695587
3124.266696,3337.039887,1753.770020
3124.820644,3387.434657,1736.141896
3126.270707,3351.458078,1749.867256
3127.660187,3326.481421,1749.502185
3128.400049,2036.068303,1844.412554
3128.618456,3506.798204,1670.272439
3128.682917,2001.216799,1854.434620
3128.832165,2503.560721,1839.453454
3128.995183,1852.310761,1854.579486
3129.465817,3510.167249,1668.017252
3130.237994,3701.229821,1604.646569
3131.665065,3175.210480,1765.137036
3132.330433,3762.200912,1572.832366
3132.680987,1651.954125,1855.651941
3133.435031,2470.179089,1842.795276
3133.653577,2015.741750,1847.835865
3135.110225,2488.787103,1840.591899
3137.522105,2002.591984,1844.632099
3139.216437,2476.556377,1837.680137
3142.802870,1988.615625,1847.035721
3143.579828,3400.025215,1706.283544
3143.630313,3768.513839,1571.766079
3144.517990,3690.504182,1601.293212
3144.852695,3742.108978,1575.707476
3146.825880,3579.331237,1658.984387
3149.315180,2510.468735,1831.812640
3149.362245,3216.735179,1761.570452
3156.634103,2448.933663,1836.942714
3156.982246,3161.765258,1763.662230
3158.291112,3542.932149,1635.978123
3158.819259,3708.854861,1597.735785
3159.237197,2465.072339,1831.788045
3163.299675,3367.941992,1745.504585
3164.762864,2461.035113,1830.742510
3165.436337,3674.530738,1592.771821
3167.896357,3808.175207,1564.991038
3172.364345,3346.793092,1738.525712
3172.809405,2464.249259,1830.288091
3173.781462,2313.019669,1830.396445
3174.356062,3733.453304,1575.865299
3174.830686,3385.664173,1726.515648
3175.931169,3137.365892,1753.259747
3180.850402,3702.784060,1590.469933
3184.957972,3764.762433,1567.160911
3186.062853,3414.647086,1704.884270
3189.273451,4359.191129,1118.491257
3191.175596,3758.381623,1573.070468
3192.442892,3390.270028,1703.567123
3196.339572,4362.621675,1107.974767
3202.935879,3703.352112,1583.719258
3204.363039,3136.358829,1756.609009
3204.462142,4360.068199,1099.848543
3206.119534,3132.470341,1765.649052
3207.084105,3340.679760,1711.884286
3209.382338,3347.394358,1708.220919
3209.679759,3323.745760,1710.143961
3213.728789,3680.754265,1583.510589
3214.150018,4372.558524,1097.318160
3216.860766,3125.107745,1761.220261
3217.734495,2621.807913,1829.791559
3218.552956,3727.536259,1572.731870
3220.442258,4360.986046,1092.973901
3220.949844,4340.930757,1099.326308
3222.189624,3723.581321,1563.399976
3222.333019,3106.670899,1758.851975
3223.031820,2530.185425,1826.147938
3223.941927,3771.276735,1560.084314
3224.153127,3707.179757,1555.283242
3224.343315,4351.810144,1090.625546
3230.462112,4339.521692,1099.107311
3231.504685,3337.894161,1710.017016
3233.031144,3317.661831,1704.322024
3234.961597,3366.669491,1696.384800
3235.880302,4350.227454,1090.558251
3238.397316,3705.315039,1558.826920
3238.621662,2636.474187,1823.655331
3239.999867,3318.471977,1703.871730
3241.848677,3087.689909,1752.931627
3242.919463,3338.451935,1693.187078
3243.929267,3322.375347,1698.683399
3248.451977,3075.744065,1747.024477
3250.557999,2633.342125,1818.492038
3251.254001,3053.008666,1749.887941
3252.536998,2620.734538,1823.476831
3254.336081,3294.588230,1698.843169
3254.405636,3714.968027,1549.546208
3259.106459,4362.526080,1090.160608
3260.357452,4352.460897,1089.884020
3264.018328,3345.301216,1679.620395
3264.183917,4362.152627,1089.831902
3265.873678,3339.648886,1688.630368
3265.896972,2605.568999,1812.409385
3272.198474,3322.363746,1687.200266
3275.850883,3280.935921,1686.551311
3279.260115,3321.232333,1683.925706
3282.958799,4335.725827,1105.959681
3291.087287,4298.597013,1116.024127
3291.124382,3313.013024,1684.028528
3294.570466,2651.915841,1809.850852
3297.810747,3302.160200,1675.246811
3298.469628,3262.649225,1672.381305
3299.659481,2695.122538,1795.783658
3301.235247,2681.639774,1790.105545
3302.521369,2473.217929,1786.778285
3304.767123,3317.033208,1670.100280
3307.596146,3322.382232,1668.507914
3310.571043,3318.089424,1666.635232
3311.684075,3277.155673,1671.739592
3312.212427,4333.879784,1095.611707
3313.720723,4300.232877,1091.424734
3316.057793,2520.926101,1783.813869
3316.273279,3318.787398,1661.480461
3322.144056,3297.615733,1667.503897
3325.582365,2464.575455,1783.777666
3326.485963,2518.947018,1774.538179
3327.622522,2514.210735,1782.984652
3329.248833,2540.615241,1770.028123
3336.096939,4289.436907,1109.878802
3337.111288,3302.933778,1663.586553
3340.572488,2479.801510,1779.542378
3350.648847,3311.204794,1655.018785
3356.090786,2440.970246,1757.759311
3358.623734,3182.856598,1641.174416
3361.528417,2460.708671,1747.479943
3365.836528,2428.897771,1758.534305
3368.607288,4201.157687,1120.253327
3375.290565,2445.479604,1747.698548
3382.088821,4224.053895,1093.418059
3384.679851,3212.572451,1640.746260
3386.895904,4226.812092,1078.064320
3390.205739,3238.657701,1639.714768
3391.037845,4207.841364,1117.378310
3392.930296,4216.682664,1104.735782
3394.226608,4205.573776,1110.294789
3396.227301,3090.773392,1561.240485
3416.018744,4027.080411,1253.885636
3421.691272,3126.511497,1559.266901
3425.783869,1634.833135,1802.447587
3430.147972,4121.138410,1226.531266
3439.005937,1651.779714,1797.435997
3441.601762,4091.695759,1233.043915
3442.567691,1636.851290,1793.042675
3446.109449,3159.246387,1550.189170
3448.410734,1683.861908,1780.141867
3451.793702,4199.734195,1197.790757
3454.786820,3197.261875,1547.588005
3456.434255,3218.671257,1544.039506
3460.236699,3038.389593,1645.934281
3461.599697,3037.437345,1645.528969
3463.680237,3217.242984,1543.814808
3468.365919,4149.265545,1214.065836
3468.427805,4085.959071,1222.549718
3470.266880,3009.324313,1634.573143
3473.940793,4020.877873,1221.327294
3475.003176,4048.237028,1212.112209
3476.964722,3020.516653,1629.943666
3481.941987,3043.441464,1621.515326
3485.680965,4163.414542,1211.465185
3487.415343,4075.627155,1180.136220
3488.288182,4165.032912,1162.378738
3488.350119,4017.503747,1231.174186
3490.573113,3066.830561,1618.749208
3493.227704,4047.846464,1221.088245
3493.918297,2868.088616,1670.332402
3496.243983,4038.355165,1204.502526
3496.664800,4008.613402,1207.904879
3499.743652,4164.316762,1164.027893
3500.292538,2814.095835,1660.579090
3500.543148,4100.656440,1131.273138
3501.294514,1733.309302,1766.690842
3505.708845,3266.336342,1533.397376
3508.356150,4111.098968,1125.861460
3510.239356,3044.341195,1597.459538
3510.242850,4017.455419,1203.779650
3510.408665,3259.109463,1521.499725
3513.535894,3151.643004,1534.653056
3518.065877,3063.664526,1591.071301
3519.175752,2893.871059,1651.217088
3519.551102,1764.047964,1757.787200
3527.482028,1757.619105,1744.026143
3527.946142,2860.297064,1651.378299
3528.087323,3058.737167,1580.928038
3532.594316,4081.173099,1177.722886
3535.273971,2799.595631,1629.280789
3536.339260,4038.526696,1202.455435
3539.341855,3185.452934,1529.914060
3542.674301,3038.413039,1565.385528
3544.463508,3035.058667,1557.775213
3547.402430,3643.900497,1182.769327
3548.529177,3276.105383,1511.963092
3556.402789,4039.482730,1177.681264
3556.516204,1779.685099,1736.580332
3560.863293,4019.454082,1166.782148
3564.843347,3224.155974,1514.691963
3565.782515,3058.636461,1554.790954
3567.687642,2276.239329,1629.926446
3576.348283,3722.508366,1159.796231
3576.519746,2940.237258,1628.955037
3576.637788,2319.525049,1619.573728
3577.619293,3977.226351,1128.262062
3577.942443,3911.484292,1157.242665
3578.345129,2946.678219,1609.085234
3579.585608,2206.612168,1638.817368
3579.820180,2898.087179,1618.203582
3580.108847,3052.791910,1541.762713
3581.612334,1867.088944,1731.868875
3582.118796,2310.645617,1603.583848
3583.084820,3029.978508,1589.178975
3583.205547,2348.780238,1601.515620
3583.279708,3967.645976,1131.863333
3583.346959,3763.990640,1136.010899
3583.682422,2872.709533,1594.491081
3584.270929,3166.117323,1516.883832
3585.227819,2033.935931,1624.705476
3585.828887,3034.665517,1548.577220
3585.880446,3881.905213,1123.449622
3588.254249,3403.219154,1355.168680
3588.924947,3221.308471,1516.879507
3589.911155,3583.159690,1330.403450
3590.004176,2974.217234,1577.285527
3591.077094,3699.935506,1140.276619
3592.851195,3319.091464,1438.971183
3593.998918,3296.828492,1484.759250
3595.949853,3779.162844,1071.472371
3597.322812,3252.317597,1504.520936
3598.334314,2988.399544,1551.873579
3598.409787,3747.155789,1138.671683
3598.770762,3571.010351,1314.008944
3599.100302,3495.554840,1333.578271
3599.370277,3227.552323,1512.867518
3600.679376,2529.827977,1579.534239
3602.483014,3299.492451,1478.624562
3603.117420,3714.393698,1120.309316
3604.294384,2513.145267,1586.709385
3604.723601,3195.760451,1495.975609
3604.912608,3261.441698,1484.024125
3605.659630,3043.521249,1531.721104
3608.366199,2997.138360,1535.587166
3608.817622,3062.314325,1526.889414
3609.415866,3430.192345,1345.634997
3612.822740,2498.045376,1593.316928
3613.831420,3005.631773,1524.422100
3614.339346,3698.653247,1149.432697
3615.463246,1885.158431,1723.531232
3616.865494,3054.240608,1520.824117
3617.731432,3180.523591,1491.062137
3619.052815,3549.112256,1325.350475
3621.104817,3659.190202,1120.905800
3621.109482,3437.707999,1343.303048
3621.661238,2077.722382,1619.024445
3625.313995,1967.906787,1627.167346
3626.121436,2124.309898,1604.827516
3630.213604,3257.791805,1483.449843
3632.838131,2367.805698,1597.923739
3634.674616,3634.491556,1122.511296
3635.103202,3203.030244,1472.826930
3636.061433,3354.172434,1430.986269
3637.125364,3316.250002,1442.344067
3641.761083,3560.115042,1315.452033
3643.678865,3244.983530,1450.483857
3643.683715,3335.034059,1432.552496
3644.910877,3225.892920,1464.223943
3645.261504,3556.372693,1308.860926
3645.639088,3580.778938,1137.874660
3646.665447,3491.892317,1339.626408
3647.811884,3132.503472,1505.115250
3648.566548,2613.465831,1570.267681
3648.923925,3532.155876,1327.773927
3649.852874,3238.477816,1430.556674
3652.291437,3536.231957,1315.575093
3653.493170,3407.104171,1334.523889
3653.907612,3431.047524,1334.379874
3653.984579,1860.164616,1674.798232
3654.957122,3127.819618,1513.431799
3654.992995,3311.456770,1411.901454
3655.160452,3523.046548,1328.528763
3658.157368,3043.529822,1506.862179
3658.478458,3217.407133,1450.760286
3659.134695,3414.804879,1326.834689
3661.250778,1479.775418,1708.783034
3663.095904,3196.165607,1469.671801
3665.306398,3528.649695,1304.392666
3666.399514,3235.772474,1445.378487
3667.443678,3154.482918,1465.869463
3669.584816,1809.857423,1664.906701
3670.294947,3176.990275,1458.869830
3670.830956,3424.243924,1319.042076
3671.488013,3338.974846,1382.486941
3672.122232,3003.812034,1521.097905
3672.883386,1949.213097,1656.033396
3679.380721,3057.789064,1503.519624
3679.802950,3023.599558,1475.957991
3681.691214,3417.347874,1324.904953
3682.041804,2999.684723,1472.417932
3682.743703,3400.194105,1331.547310
3684.400275,3015.300143,1458.338938
3684.947342,3007.862635,1468.175660
3685.594503,2982.202677,1514.103713
3686.324157,3354.038233,1372.795199
3686.442461,2642.755254,1566.532966
3686.977709,3003.198570,1466.099845
3687.166034,3230.326009,1438.828534
3687.400272,1965.647155,1635.366273
3687.441551,1653.849369,1668.507973
3688.219053,2751.593478,1562.773682
3688.486545,2620.345925,1555.340614
3690.277914,1511.377099,1678.467626
3690.501613,1490.693390,1704.440764
3691.221399,1961.031448,1656.027255
3691.417993,3122.666342,1444.434349
3691.930251,1948.895430,1639.476139
3691.962891,2982.702242,1471.033530
3692.155314,3377.104212,1333.953333
3696.396103,1369.030230,1697.618977
3696.511910,3022.238558,1447.443047
3697.852283,1627.772265,1676.183826
3698.775787,3378.788743,1325.943008
3700.661813,1905.053925,1650.468510
3702.229479,3357.951907,1320.924212
3703.632657,1435.821429,1686.031192
3703.886991,1954.573613,1629.846902
3705.777184,3356.572975,1337.400625
3705.798197,1917.397678,1639.073978
3708.538044,3133.449931,1434.126819
3709.089272,2931.418202,1536.191015
3710.293280,2988.078366,1442.677794
3713.663004,2943.480453,1536.018517
3713.757934,1330.895858,1688.399059
3715.617614,2981.434525,1443.700710
3715.820094,1211.036954,1663.934546
3716.154099,3308.282895,1333.717771
3717.963840,3384.856138,1315.303065
3718.480471,3032.474765,1440.626670
3718.570770,2932.104946,1526.442203
3720.799162,3305.721730,1363.610258
3722.073053,2898.820540,1519.723789
3723.579780,1669.742160,1660.028222
3727.311613,3082.965410,1438.066636
3729.336255,2995.850144,1434.193967
3731.049792,1976.606132,1625.768428
3732.203955,1678.084237,1630.753579
3732.992597,3162.843413,1430.830049
3733.138522,1923.551976,1626.113176
3733.981542,3356.110449,1326.733603
3735.404453,3180.539448,1426.346728
3740.704174,2938.201054,1463.574455
3741.722465,3385.124794,1306.564627
3741.806320,2876.541693,1550.112317
3742.045635,3226.502195,1407.463773
3742.525551,3153.788694,1425.768068
3742.614388,2798.478958,1554.038677
3742.727615,1635.293682,1654.232955
3743.425810,1690.718522,1629.476974
3744.047546,2825.459118,1541.438149
3746.547596,3252.306586,1398.329214
3747.351085,1355.321560,1644.778434
3751.976695,2919.501282,1454.544054
3752.427735,3019.610660,1420.651385
3753.830672,3225.666361,1410.202946
3753.899719,3102.041190,1418.391913
3754.636891,1428.238463,1639.795611
3755.925964,1586.982093,1633.295866
3756.168019,1299.776893,1638.441332
3756.362617,2785.326169,1551.870093
3757.060103,2765.827942,1546.680945
3758.484608,1735.625556,1628.496011
3762.102313,3339.441238,1313.663553
3762.196660,3334.888908,1320.374196
3767.470024,3375.305047,1306.168328
3767.473299,2919.588084,1435.778605
3768.695396,2858.330587,1499.489689
3771.955396,1673.723754,1626.379125
3772.665246,2991.868283,1429.437413
3773.399592,2792.477152,1544.447749
3773.952306,1462.562666,1636.971405
3775.923266,1637.757093,1615.707627
3777.824263,1411.328925,1631.799546
3778.236596,2893.544615,1453.141041
3779.300948,3370.601242,1312.369348
3779.810925,3149.175003,1417.916696
3780.000434,2792.893241,1542.100778
3780.077389,3362.546997,1300.349679
3780.402525,2885.750777,1496.391951
3781.985747,2839.647223,1487.938705
3785.632512,1618.230871,1609.524335
3786.383952,2756.641251,1538.250822
3786.843909,1413.058401,1620.778908
3787.284799,3358.987209,1308.878465
3789.513136,1446.619999,1598.439744
3790.091853,2841.243812,1487.786532
3791.468117,1427.655459,1541.947717
3791.674603,2764.480832,1537.350519
3792.174002,2810.351122,1486.566424
3792.582855,3213.035590,1415.263347
3792.834576,2790.946031,1481.834916
3795.093463,3319.434089,1321.021676
3795.290664,2992.473922,1407.597234
3796.212649,2790.146229,1486.291996
3797.612435,3356.725561,1300.790439
3798.406238,3265.031365,1396.829218
3799.225267,1434.060390,1506.170219
3799.325130,1400.629443,1599.954870
3799.647055,3299.764674,1319.145390
3800.526102,2735.481495,1488.385821
3801.033888,3134.798379,1388.515016
3802.620605,1382.750746,1595.193284
3808.437003,2817.568840,1477.712580
3808.987938,3002.908210,1401.329123
3809.407279,3298.480866,1321.121019
3809.821052,2762.862531,1468.092121
3810.686760,3022.359942,1394.318919
3812.280725,3354.735437,1279.999670
3814.265809,2925.760224,1435.718514
3819.548467,1425.634130,1588.997284
3820.001810,3297.180822,1387.714843
3822.912521,3234.216785,1341.630858
3823.549402,3216.150812,1382.880543
3826.226596,1871.420297,1483.522472
3827.084423,3237.153953,1339.478268
3828.210174,2851.755223,1427.976880
3828.743902,3198.185444,1347.995166
3828.830320,3268.500871,1324.529313
3830.308162,2661.823450,1478.773674
3830.840728,1113.269542,1500.881866
3831.057861,3241.880047,1337.858387
3832.653991,3232.775390,1320.448700
3832.827178,3169.388486,1352.191954
3833.873809,3228.229575,1280.893497
3835.072665,1608.352005,1476.554817
3835.579976,2953.680185,1419.897027
3840.652422,3225.139836,1339.174911
3841.082365,3167.930614,1372.496098
3843.077406,2937.622791,1402.784999
3844.680351,3046.421032,1343.930999
3845.560207,2966.426202,1383.837465
3849.401331,2822.468297,1411.995023
3858.815244,3078.756632,1342.715226
3858.914267,3191.373267,1263.605919
3861.038668,3071.826852,1340.436795
3861.438555,2979.388318,1363.456475
3864.587074,2641.987055,1463.727084
3865.662717,2630.385309,1460.124990
3866.509878,2614.830927,1434.737028
3869.450751,2910.044383,1398.225471
3870.476758,2971.843352,1353.471341
3871.870274,2618.259167,1432.197954
3874.081789,2948.186743,1383.681794
3877.130798,2596.486741,1453.844546
3881.889684,2990.168085,1344.438178
3882.911438,2571.777342,1437.468286
3883.498317,2583.181548,1430.537845
3885.897931,2925.263483,1395.111339
3888.922919,2540.750744,1430.340118
3894.184614,2552.674397,1429.428770
3895.467872,2552.057748,1420.130702
3899.873012,3002.925320,1253.008994
3902.459219,2539.835121,1429.917566
3903.144066,2608.595471,1419.944561
3906.868275,2736.215519,1404.181787
3907.091919,2886.323387,1390.552918
3909.414990,2711.403324,1391.631291
3913.097845,2733.495976,1387.183412
3913.963157,2831.276059,1382.533645
3916.108991,2701.082067,1389.854764
3917.324230,2620.278599,1411.156268
3917.622871,2637.003032,1392.137740
3919.701476,2500.400463,1444.608690
3920.550887,2833.070656,1364.781616
3924.588227,2490.566363,1386.378192
3926.854407,3107.117672,1243.631179
3930.098423,2472.524841,1420.249234
3930.548104,2397.999458,1406.166737
3931.018402,2282.114734,1476.461617
3933.313540,2146.088266,1474.080656
3934.134854,2252.790911,1474.021386
3936.993776,2822.510745,1382.123806
3938.088463,2880.280587,1237.304132
3939.222937,3077.827728,1216.125332
3940.053448,3033.665846,1230.712599
3940.467230,2768.567037,1363.142704
3940.506855,2854.047167,1346.225158
3941.065740,2107.190491,1459.524999
3942.049635,3083.270244,1209.214255
3942.489141,2765.025561,1333.917500
3942.927688,2761.047220,1349.694740
3943.871908,2167.035102,1432.884286
3946.698697,2838.250812,1230.110891
3949.375356,2736.570709,1329.519751
3950.102325,2716.820291,1329.258301
3953.325499,3062.527718,1223.719560
3955.023138,3075.497044,1220.573131
3955.105662,2950.899198,1193.713814
3955.225040,2893.428482,1226.733891
3958.665008,2374.216109,1398.842407
3959.746582,2371.996415,1414.999592
3959.957395,2282.769227,1393.674660
3960.175143,2267.526327,1394.529035
3962.171379,2214.994752,1432.500978
3963.186973,2041.388688,1430.180791
3964.988376,2914.276512,1219.255242
3967.019648,2686.589966,1240.668697
3968.533329,2585.436215,1243.342250
3974.431674,2859.774802,1228.081411
3974.599096,2377.190699,1291.218705
3974.675320,2267.955987,1385.591867
3974.690872,2798.946286,1224.276936
3975.720664,2897.206401,1195.904219
3975.968975,2389.039297,1242.209675
3979.900044,2332.867351,1265.418458
3980.277010,2776.806331,1231.442095
3983.459617,2810.322041,1205.920167
3983.486051,2736.156463,1197.082880
3985.707286,2325.463820,1281.732600
3987.181789,2842.636338,1195.218956
3987.688909,2235.330843,1410.638281
3988.095196,2264.192926,1393.982435
3988.531957,2857.376150,1180.665656
3988.776961,2279.336834,1295.688552
3989.006603,2172.815865,1348.556316
3989.526360,2309.600701,1278.918511
3991.942972,2856.044777,1181.383374
3992.524776,2277.426580,1275.231683
3992.962600,2276.508279,1282.595553
3994.379788,2723.327615,1208.075023
3995.868097,2159.839071,1369.753917
3996.449098,2195.991848,1284.180178
3997.201505,2118.314620,1359.959174
3998.476329,2172.728533,1354.634648
4003.021211,2093.079261,1283.318869
4003.575045,1540.745128,1324.047522
4005.130512,2710.137487,1232.742122
4005.496720,2666.810893,1238.895893
4007.226545,1531.100405,1333.615559
4007.411061,2682.704223,1202.834394
4008.180043,2598.369830,1241.099527
4008.452190,2685.496583,1188.182913
4008.620050,1520.468772,1330.208380
4010.209657,2392.160179,1218.770396
4011.261525,2538.832693,1216.943555
4011.301951,2089.598838,1286.547970
4012.760290,1527.846524,1325.103143
4015.514924,2638.369108,1175.271309
4018.863931,2515.947470,1212.095247
4018.871310,1846.913457,1258.373070
4025.165229,2486.883995,1209.655057
4030.629258,1880.992112,1255.440499
4032.531922,1775.745550,1237.095805
4044.471636,1602.670063,1215.543418
4045.935882,1622.770059,1178.714727
4047.273721,1723.408708,1114.076860
4048.312963,1708.233785,1127.176831
4052.625152,1907.333562,1097.364149
4055.050538,1834.090938,1101.508843
4055.401723,1601.324145,1188.649033
4055.762169,1453.945915,1163.096436
4058.680574,1755.330518,1108.042801
4058.806654,1918.044474,1097.180998
4058.909395,1481.595355,1149.161566
4059.656917,1731.425469,1086.447044
4061.769135,1727.425827,1108.397654
4062.019399,1652.594379,1092.824454
4065.080420,1529.787332,1094.451757
4068.202129,2162.345412,1056.414858
4071.104015,1588.895331,1092.454440
4072.381171,1638.367975,1087.952039
4072.929959,1974.459190,1085.897317
4079.963861,1983.743122,1082.308100
4081.134352,1936.866504,1070.241384
4083.200468,2160.974520,1060.790804
4084.416899,2030.632957,1057.635984
4085.005085,2079.982227,1029.177552
4089.082895,2035.333730,1035.245332
4089.126843,2067.737378,1013.643369
4089.281924,1996.503804,1057.107774
4095.317695,2039.571316,1019.722403
4099.764713,2016.621011,1030.478045
4102.750433,2005.714748,1040.005347
