54
0.000000,1.000000;120.735878,533.538710;-1
0.242536,0.970143;637.546064,1591.074670;-1
0.554700,0.832050;242.380450,1374.632936;-1
0.832050,0.554700;96.529614,388.981405;-1
0.970143,0.242536;455.672303,1164.503882;-1
1.000000,0.000000;393.119509,487.303105;-1
0.000000,1.000000;501.182536,1938.668147;0
0.000000,1.000000;499.697411,2489.986117;6
0.000000,1.000000;499.768543,2499.507921;7
0.000000,1.000000;499.842296,2499.371177;8
0.242536,0.970143;502.500662,2099.679828;1
0.242536,0.970143;503.657407,2477.970852;10
0.242536,0.970143;502.060756,2497.415597;11
0.242536,0.970143;670.125528,2461.578285;12
0.554700,0.832050;502.830221,1873.825826;2
0.554700,0.832050;1062.775969,2279.877328;14
0.554700,0.832050;2126.927399,2015.604508;15
0.554700,0.832050;2376.658973,1974.519465;16
0.832050,0.554700;504.600014,1231.197905;3
0.832050,0.554700;1744.138454,1566.573307;18
0.832050,0.554700;2372.134528,1297.811194;19
0.832050,0.554700;2428.229468,1558.515441;20
0.970143,0.242536;1177.138620,1716.898483;4
0.970143,0.242536;2153.684239,1064.059839;22
0.970143,0.242536;2310.070558,959.525304;23
0.970143,0.242536;2384.972170,1013.737738;24
1.000000,0.000000;1159.615317,1795.547147;5
1.000000,0.000000;2176.350863,1016.701868;26
1.000000,0.000000;2365.469833,830.206355;27
1.000000,0.000000;2409.133196,746.890121;28
0.896410,0.443227;2411.747205,1879.289398;16
0.857493,0.514496;1384.228722,2260.291967;13
0.064359,0.997927;501.670358,2494.689563;16
0.064359,0.997927;505.911119,2486.156724;17
0.320449,0.947266;2240.033459,2075.240717;16
0.751150,0.660132;2383.702388,1907.842208;16
0.064359,0.997927;502.902737,2491.686193;34
0.997927,0.064359;2434.849284,1491.299859;21
0.707107,0.707107;2396.751868,1236.908705;29
0.320449,0.947266;2351.170586,2043.203953;35
0.947266,0.320449;2415.000315,1411.690558;20
0.320449,0.947266;2338.607659,2082.919817;34
0.064359,0.997927;503.689501,2489.434779;39
0.751150,0.660132;2426.079695,1909.489750;30
0.554700,0.832050;2413.432226,1985.620285;17
0.320449,0.947266;2354.856169,2097.286471;41
0.554700,0.832050;2416.902077,1954.427899;30
0.751150,0.660132;2400.141414,1967.953467;34
0.064359,0.997927;505.806347,2474.435572;45
0.896410,0.443227;2422.904221,2022.505598;45
0.064359,0.997927;1252.613287,2283.122590;44
0.320449,0.947266;2388.863403,2065.679233;44
0.554700,0.832050;2399.532518,2049.144748;41
0.554700,0.832050;2399.392173,2021.006873;39
52
8
9
13
50
31
45
51
52
49
43
21
37
8
8
10
13
13
18
15
15
50
31
31
26
22
16
16
34
34
45
45
51
39
49
52
44
44
43
43
21
21
37
37
40
20
38
23
27
25
24
28
29
