36
0.000000,1.000000;120.735878,533.538710;-1
0.242536,0.970143;637.546064,1591.074670;-1
0.554700,0.832050;242.380450,1374.632936;-1
0.832050,0.554700;96.529614,388.981405;-1
0.970143,0.242536;455.672303,1164.503882;-1
1.000000,0.000000;393.119509,487.303105;-1
0.000000,1.000000;501.182536,1938.668147;0
0.000000,1.000000;499.697411,2489.986117;6
0.000000,1.000000;499.768543,2499.507921;7
0.000000,1.000000;499.842296,2499.371177;8
0.242536,0.970143;502.500662,2099.679828;1
0.242536,0.970143;503.657407,2477.970852;10
0.242536,0.970143;502.060756,2497.415597;11
0.242536,0.970143;670.125528,2461.578285;12
0.554700,0.832050;502.830221,1873.825826;2
0.554700,0.832050;1062.775969,2279.877328;14
0.554700,0.832050;2126.927399,2015.604508;15
0.554700,0.832050;2376.658973,1974.519465;16
0.832050,0.554700;504.600014,1231.197905;3
0.832050,0.554700;1744.138454,1566.573307;18
0.832050,0.554700;2372.134528,1297.811194;19
0.832050,0.554700;2428.229468,1558.515441;20
0.970143,0.242536;1177.138620,1716.898483;4
0.970143,0.242536;2153.684239,1064.059839;22
0.970143,0.242536;2310.070558,959.525304;23
0.970143,0.242536;2384.972170,1013.737738;24
1.000000,0.000000;1159.615317,1795.547147;5
1.000000,0.000000;2176.350863,1016.701868;26
1.000000,0.000000;2365.469833,830.206355;27
1.000000,0.000000;2409.133196,746.890121;28
0.896410,0.443227;2411.747205,1879.289398;16
0.857493,0.514496;1384.228722,2260.291967;13
0.064359,0.997927;501.670358,2494.689563;16
0.064359,0.997927;505.911119,2486.156724;17
0.320449,0.947266;2240.033459,2075.240717;16
0.751150,0.660132;2383.702388,1907.842208;16
38
8
9
13
15
31
34
17
35
30
21
8
8
10
13
13
18
15
15
31
26
22
16
16
34
19
17
17
30
35
21
21
20
23
27
25
24
28
29
