494.473222,237.367103,2498.225888
498.522749,232.391605,2499.621981
502.455946,240.359967,2498.014157
506.255809,229.615310,2499.707525
508.056613,234.561397,2498.136877
514.938630,218.650860,2496.950402
515.420287,211.098030,2499.411709
516.536965,187.785570,2496.428033
517.417525,181.911130,2496.615199
518.959306,173.669419,2496.647010
521.377490,170.744500,2495.683474
525.284620,178.099831,2495.467713
525.887352,167.360560,2498.682927
526.042418,136.724418,2496.527186
527.430865,125.028188,2496.206910
527.937903,115.880140,2496.561359
528.628061,117.468972,2496.082252
530.768045,182.992148,2479.986000
530.994621,107.345463,2497.201512
531.297240,93.062245,2496.263512
532.167371,87.499313,2496.308892
532.554468,85.736088,2496.422726
533.275215,135.649371,2487.147529
534.560991,91.461113,2493.912634
536.683602,88.399171,2494.429557
537.005704,87.160444,2494.415404
539.454593,85.619385,2497.288059
539.484920,64.286054,2494.487238
540.411925,56.436285,2494.477660
540.604039,53.201584,2494.625445
540.624480,54.698423,2494.410697
540.639837,52.081311,2494.599353
541.308583,47.243475,2494.743774
541.380577,45.322587,2494.684955
541.392338,49.292801,2494.577174
541.698124,36.808038,2494.701887
541.824967,44.652006,2494.693308
541.888859,36.439700,2494.650271
542.301430,30.764627,2494.510400
542.342948,24.557163,2494.371761
542.367440,25.783830,2493.914210
542.468592,23.937695,2494.084821
542.503803,25.234754,2493.922184
551.698489,257.489063,2385.277430
554.318455,293.216565,2376.581273
566.479461,305.337908,2368.582036
653.756430,432.099046,2363.009832
676.523539,496.871680,2347.115176
681.827770,465.866719,2351.793004
697.058680,515.643753,2339.236425
725.810428,635.082184,2330.849775
732.471761,634.689197,2328.768265
737.693319,640.303749,2326.843550
739.231857,625.429674,2339.098314
742.734171,629.360077,2338.171206
747.999774,622.190490,2327.141944
752.677944,651.630736,2323.435043
760.569215,675.295665,2321.707397
761.487482,675.165067,2319.429834
763.089554,684.890466,2319.058742
766.197622,683.577552,2319.065586
772.942293,671.947708,2323.215684
777.212686,678.541517,2318.934938
786.892442,656.041135,2301.158335
789.375145,642.613451,2307.302920
802.693471,652.843768,2303.742041
813.316885,665.718464,2297.717844
832.802477,680.558339,2297.580602
891.053244,757.887309,2294.070583
908.291870,824.033050,2278.436872
911.230691,783.430261,2286.286076
932.615415,837.276644,2276.985575
935.292770,874.830635,2266.187773
954.721132,894.954495,2261.521351
961.310175,896.773656,2258.492392
997.222978,868.393228,2262.714727
1002.610214,906.392206,2252.517732
1019.158287,933.057276,2244.718211
1050.030559,953.918218,2240.383483
1061.209826,954.056717,2236.146092
1080.880509,1046.769869,2193.540133
1117.727997,992.756558,2219.967556
1257.185652,1211.922812,2183.312941
1350.809835,1331.555866,2176.976568
1420.548553,1366.540387,2158.985971
1436.762670,1431.841415,2157.282191
1444.034066,1363.542881,2149.315217
1515.018051,1459.927842,2140.051427
1645.166425,1597.780783,2136.947503
1738.938138,1697.963854,2121.669312
1752.816545,1794.137095,2116.133831
1813.758792,1861.548943,2099.928100
1833.518829,1932.549830,2099.320411
1893.568879,1987.580518,2085.060662
1926.088311,2091.324836,2062.572066
1944.929748,4087.774325,1668.598979
1980.537764,3469.913922,1842.698732
1981.315309,3385.026888,1850.274872
2001.452604,3564.644870,1824.656611
2011.645101,3388.056986,1840.743700
2017.994343,2266.717630,2024.053986
2019.383763,2242.660878,2022.677828
2024.952709,3523.110814,1837.342324
2034.246975,3460.128372,1836.130208
2041.532827,3599.960070,1822.036624
2046.486165,3482.324048,1830.497829
2050.860966,3527.460062,1830.278141
2055.652208,3626.498531,1817.549468
2059.216350,3510.667089,1824.263008
2067.021970,3636.407265,1813.630101
2068.265239,2166.117810,2059.859836
2083.292000,3508.922548,1824.585905
2099.746709,2205.511526,2048.777910
2105.682070,3676.116326,1808.524639
2125.326110,3691.734685,1800.887465
2174.221258,2743.167242,2018.193887
2175.874591,2737.019051,2017.536746
2184.077729,3684.162660,1804.540881
2184.453726,2668.081258,2018.507363
2190.985389,3671.519717,1803.104285
2191.930161,3671.053910,1803.643425
2194.804035,2802.514260,2014.433356
2196.601020,2824.635199,2012.456289
2197.173276,2654.240720,2017.029028
2197.311697,3696.350316,1794.673116
2202.312260,2790.295071,2014.703850
2219.678730,2651.724001,2015.811557
2221.174980,2794.364647,2009.500354
2223.341791,3738.307660,1792.644548
2223.520800,2935.768141,1994.793896
2227.348799,2843.553508,2003.877534
2230.777973,3710.636952,1793.207889
2231.639211,2613.918907,2013.588117
2238.549831,4728.098761,1629.496335
2240.674612,4689.239484,1645.882764
2242.205321,3788.629165,1780.580036
2244.530556,3113.556765,1977.324511
2246.514332,2945.016558,1992.485246
2248.147832,2829.451228,2005.116642
2248.186504,3756.267850,1779.304284
2251.853381,2671.163940,2011.380131
2257.654561,3810.488485,1778.310610
2260.447873,2943.611146,1991.219549
2261.032232,2906.127421,1993.668681
2263.161799,2908.937667,1993.338272
2263.242196,3154.794823,1968.083876
2265.551405,2845.900613,2001.841900
2269.985217,4714.196440,1640.969723
2271.843939,4684.848292,1624.986669
2276.613203,4773.309212,1622.172791
2276.642918,4689.589353,1620.778767
2280.402178,2946.195715,1988.892545
2280.760824,2973.532126,1985.911367
2284.035575,1551.672749,1999.607392
2287.375298,2985.895722,1981.649797
2288.143387,3163.670032,1964.395121
2288.401609,3821.950256,1776.339858
2290.368300,1837.332821,1987.342880
2297.233119,3174.020439,1960.369270
2302.147813,3857.267345,1766.245801
2302.590473,3048.015753,1973.213906
2303.496733,3022.186652,1976.151779
2304.858679,2993.589293,1980.181510
2307.307962,3112.685538,1967.987395
2307.880953,3179.895936,1958.656351
2308.499557,4865.690153,1605.396769
2309.356241,4878.649541,1584.440634
2309.980084,4729.623779,1618.339846
2311.436956,4809.886921,1616.556981
2311.831264,2982.007175,1980.939712
2313.016219,3202.662541,1951.398451
2313.218788,3151.735594,1964.260727
2316.383817,4671.694506,1618.050145
2317.778695,3138.365145,1960.850185
2321.401300,4723.060411,1613.016584
2322.830830,4887.895202,1582.803088
2324.292906,3884.435797,1758.425296
2331.066551,3036.667483,1972.222828
2341.282341,3903.913175,1748.309175
2342.764594,4856.511434,1605.965435
2344.322520,4665.730627,1645.054219
2347.097432,3885.919572,1757.963969
2348.478952,3113.257804,1962.635244
2353.964068,3872.173067,1753.256684
2354.347982,3895.173473,1750.726502
2355.738709,4507.175938,1628.799553
2358.995622,4780.985702,1551.209938
2360.771099,3886.288606,1748.780936
2360.860630,4652.003173,1586.754037
2362.380347,4719.618164,1564.070480
2363.697518,1769.759001,1967.363540
2364.914745,4824.476914,1544.287859
2366.378022,3227.326050,1943.839368
2366.575931,5008.077176,1495.884985
2368.925847,3882.143702,1743.149043
2369.253603,3111.774397,1957.168363
2370.123618,4674.639916,1573.280949
2370.871039,3255.481259,1939.169968
2371.060059,4460.848043,1629.837298
2375.521627,4426.408411,1635.721445
2381.028191,4575.155287,1596.274904
2381.168258,4758.552897,1544.957600
2383.145204,4423.519302,1631.936600
2389.672786,4997.104726,1502.506907
2390.234932,3093.990573,1953.516600
2390.458935,3039.895257,1963.575417
2393.451037,4696.235919,1572.724997
2398.196120,3905.992697,1742.268557
2401.242923,4933.878550,1510.123818
2406.124415,4852.919966,1531.319099
2406.176092,3089.861859,1946.305174
2406.367032,3906.434598,1742.250496
2412.562124,4617.436407,1586.324137
2413.380987,3085.747885,1950.156233
2413.971393,3055.570243,1956.427917
2417.879926,5200.841577,1493.248929
2419.154381,3040.147706,1960.334830
2419.700891,4913.282172,1525.290935
2419.946954,4624.121690,1576.889071
2421.351018,3071.922934,1945.572046
2422.222036,3307.043173,1919.742288
2424.004386,3291.725776,1923.068516
2426.910547,3944.275313,1735.306865
2429.255680,4381.791360,1662.487462
2429.439570,1995.937501,1947.345716
2432.184447,5231.585637,1481.247551
2435.981020,3938.816903,1726.313768
2437.520711,3898.287158,1736.326559
2439.025178,3351.324432,1915.481775
2439.359081,4723.249316,1551.106952
2440.139911,3134.282197,1944.194615
2440.184893,4341.889824,1632.101490
2441.836327,1592.781128,1960.239868
2443.191993,3922.529168,1733.179316
2449.211334,3932.974293,1724.057374
2451.650380,5214.535898,1486.636739
2452.366601,3359.453609,1907.231437
2453.615417,3358.326581,1907.980757
2453.661345,5194.987901,1490.139675
2454.201635,4871.123800,1522.287620
2455.661863,4216.250877,1612.342379
2456.273187,4200.768042,1643.419337
2458.070217,3088.395679,1945.141452
2459.774316,4984.046079,1491.833530
2465.718820,5218.157691,1469.580358
2469.884012,3924.639031,1731.282589
2469.950152,3339.047251,1908.250018
2473.892989,5205.927689,1478.996615
2479.520775,3363.799802,1903.759131
2482.397104,3368.626665,1902.414136
2483.455901,3348.134992,1904.454847
2483.974492,5167.578910,1464.386768
2488.470597,4865.640275,1517.046897
2489.281292,4830.979744,1530.832608
2490.219938,3122.070274,1927.408777
2493.655096,5057.739710,1483.768216
2497.763669,4161.058258,1578.554607
2499.528683,5218.587232,1462.079515
2499.946835,3079.092499,1931.545726
2501.856317,3179.878165,1926.880581
2504.114801,3365.419909,1900.141822
2504.888108,5144.932096,1464.182023
2505.417382,5213.289334,1453.972201
2506.395790,5100.946347,1480.629862
2506.443783,4914.346832,1513.463004
2507.361979,3148.911453,1917.203323
2524.404283,5142.895443,1467.744306
2528.351300,5176.947832,1461.789057
2528.446657,4166.209385,1555.863906
2529.901779,4115.235674,1555.601843
2535.450951,5215.197249,1447.013111
2539.839135,5165.735821,1454.969931
2543.226326,5230.808003,1445.146256
2543.498172,3200.254165,1913.294380
2549.804895,5133.275262,1472.279875
2554.298832,5072.284412,1474.714956
2554.451218,5137.901185,1463.800110
2557.745803,5115.911550,1471.935161
2559.048343,4983.374397,1504.376569
2562.080295,5197.699987,1435.014503
2563.129136,5220.996031,1429.709760
2564.098363,5180.448294,1445.484647
2564.270954,3229.698126,1902.301550
2567.247515,5158.186448,1462.781828
2567.496938,2150.236603,1921.255153
2575.918029,5195.302666,1423.830779
2589.110159,5136.938900,1455.428022
2589.507593,5130.945337,1466.250051
2589.796616,5202.878694,1343.837912
2596.431011,5147.866348,1453.745295
2598.397230,3228.263341,1897.575730
2599.756127,3983.383326,1722.306411
2604.197922,5202.000701,1345.913876
2605.396999,4005.087044,1711.820782
2607.057467,5129.042279,1453.852828
2617.701526,5128.391560,1463.750232
2617.774562,2148.698357,1909.615068
2620.154183,4007.753788,1709.963236
2625.372096,2174.709100,1904.403387
2627.154777,5178.736874,1357.481370
2629.695309,5172.230546,1448.778209
2631.310089,5164.011823,1450.057695
2631.677374,2147.646635,1894.337387
2632.013858,5106.758678,1449.715177
2637.344293,4012.620105,1706.975290
2641.226442,5166.160960,1359.769781
2641.736148,3271.719398,1878.465580
2645.182344,4004.053613,1718.635398
2646.736044,5075.526981,1465.286420
2650.344498,3246.570932,1883.715702
2653.251028,3248.207821,1879.285501
2655.809808,3992.921071,1710.270509
2656.472333,5152.822077,1375.846225
2656.847710,3970.795864,1721.329166
2657.949935,5203.528796,1328.020155
2659.346021,3986.355840,1715.994885
2669.713741,3990.269152,1712.010690
2671.560896,4025.265269,1701.409082
2672.711739,5042.837271,1397.430835
2672.960761,5201.699961,1345.923952
2675.916864,3280.657161,1869.161390
2678.337063,5158.125049,1373.231907
2682.042906,3980.787392,1714.561245
2683.367088,3971.318969,1709.644947
2683.865525,2181.905567,1888.589809
2691.756004,5035.840904,1381.187921
2694.977049,5197.922729,1342.053612
2699.476211,2203.600219,1877.703948
2702.679738,3269.743187,1860.973305
2703.157525,2170.832232,1883.571473
2704.221497,3990.667149,1706.150726
2708.200850,3252.720044,1868.147041
2712.996379,4022.003152,1705.817827
2732.248823,3948.399171,1710.333603
2744.420469,3255.410696,1846.455883
2744.700118,3314.505840,1834.720523
2745.396913,4025.474953,1698.467306
2751.122557,3998.719961,1700.236888
2751.443782,2238.805739,1873.906411
2752.255345,2227.010513,1873.074928
2753.680252,3966.430576,1697.618008
2754.716712,2222.875554,1873.750616
2755.267648,4006.706370,1697.282389
2761.352184,3260.412177,1841.254477
2761.665293,4046.830113,1694.755775
2765.380749,3987.729326,1697.366045
2765.572629,4006.958639,1696.367697
2766.653362,3299.263930,1831.929300
2768.454935,2228.411931,1871.932300
2773.983467,4032.937868,1694.302657
2783.009014,3284.413003,1825.357427
2784.303625,4025.454556,1682.888677
2785.366549,4022.366851,1695.445152
2795.096804,2245.739502,1854.798342
2804.991594,3339.205783,1825.186305
2805.125840,3322.635274,1824.395861
2807.639947,4019.516351,1677.857685
2810.782317,3285.759778,1823.744030
2812.394662,4034.302320,1667.835548
2824.387203,3329.739033,1813.033564
2824.846110,3262.987010,1818.557131
2835.696612,3300.349512,1814.106009
2836.453130,3445.052348,1782.090373
2850.421141,3400.841801,1794.625660
2851.045573,3361.764821,1802.406746
2853.031188,3441.819730,1775.380831
2858.726747,3435.151719,1776.071913
2859.401378,3453.957733,1770.273812
2866.312112,3387.642341,1801.924954
2868.816580,3341.782011,1798.279273
2869.171562,3269.506976,1809.305647
2871.180041,3400.520980,1795.608188
2881.815433,3392.307814,1795.209602
2883.192067,3444.004022,1772.735334
2885.454847,3431.947174,1777.018526
2910.996937,3400.826081,1781.485704
2914.910229,3393.895797,1783.720057
2920.073145,3408.870480,1780.752282
2922.425853,3481.314349,1755.353218
2923.885184,3417.526483,1771.228638
2924.985497,3406.874581,1760.701731
2931.576336,3487.220865,1741.223510
2938.299422,3397.368818,1781.872530
2949.959365,3434.445346,1758.229950
2958.550572,3483.978345,1750.417549
2958.903351,3396.659969,1769.060655
2965.092600,3401.982351,1766.927790
2970.538403,3468.934342,1732.073699
2978.616443,3460.025791,1744.444322
2983.458466,3388.882427,1758.728381
2996.978500,3471.839868,1728.073146
2998.253289,3453.267935,1741.359862
3001.119069,3454.164290,1735.591539
3002.576351,3460.083375,1730.706915
3013.446446,3393.584874,1747.940597
3018.614240,3451.517989,1739.418739
3020.719134,3418.568660,1740.292295
3030.834523,3430.591639,1728.726345
3032.611445,2432.065324,1853.483999
3039.192271,3397.565100,1743.044698
3046.004025,3421.943627,1735.996517
3052.320447,3436.077254,1722.957646
3056.737604,3442.457059,1719.239137
3064.018544,3387.490590,1737.410773
3087.420485,3362.095674,1757.569212
3094.774699,2476.755833,1841.037683
3100.450803,2461.111822,1850.370549
3104.812376,3448.154305,1708.030491
3121.302171,3383.394991,1748.695587
3124.820644,3387.434657,1736.141896
3126.270707,3351.458078,1749.867256
3128.832165,2503.560721,1839.453454
3133.435031,2470.179089,1842.795276
3135.110225,2488.787103,1840.591899
3139.216437,2476.556377,1837.680137
3140.390406,3331.884644,1742.719482
3142.636545,3349.788107,1738.453906
3144.651117,2431.918964,1833.933127
3148.953948,3335.899177,1741.219575
3149.315180,2510.468735,1831.812640
3172.364345,3346.793092,1738.525712
3174.830686,3385.664173,1726.515648
3185.181862,2511.218727,1820.908016
3187.859015,2949.249780,1491.806914
3197.874619,3075.186933,1431.200083
3200.264797,2994.930686,1474.218738
3208.769122,2933.136472,1485.486733
3229.897922,2537.782530,1808.987398
3231.579585,2518.970809,1812.623010
3231.874535,3068.114112,1445.937830
3234.744285,3103.738480,1417.150261
3243.158630,3148.808882,1385.602803
3255.143657,3031.483613,1437.555743
3255.624868,2530.216114,1793.275888
3261.060539,3150.684441,1371.036838
3261.166601,3114.850575,1405.624409
3266.071337,3132.066225,1382.580502
3276.408257,3041.811505,1413.184990
3280.860144,3097.954924,1399.838269
3282.418845,3160.617614,1369.004964
3286.080008,3003.143399,1442.314911
3295.394693,2514.745581,1788.149131
3300.527847,2512.455836,1774.684672
3302.205288,3198.370501,1367.763241
3309.070399,2572.368973,1670.772810
3314.813165,2553.267442,1665.827075
3325.917081,3249.292714,1349.157419
3326.485963,2518.947018,1774.538179
3329.248833,2540.615241,1770.028123
3334.537508,1685.703650,1689.899520
3341.653136,3230.083291,1354.818985
3342.645269,3175.439204,1366.680325
3346.382779,1789.397580,1673.239879
3357.841788,2529.284857,1659.130117
3359.669185,2318.132336,1662.987993
3363.491767,2450.639588,1656.284411
3363.599299,3230.335558,1346.019825
3365.222512,3206.884630,1357.040312
3367.657520,1804.871149,1661.547294
3369.049829,1781.706438,1675.541133
3370.565982,2560.612534,1655.992766
3371.617017,1765.972332,1662.342280
3374.019667,1620.218568,1676.213237
3374.650245,3256.873810,1341.196108
3377.166501,3308.414290,1326.782883
3377.935502,3311.781857,1308.697975
3377.981454,1733.434788,1668.296404
3387.188459,1572.617071,1674.403213
3387.498321,3251.362220,1343.685702
3388.770950,2443.955201,1651.384023
3388.930245,3298.570354,1327.032646
3389.658825,2372.793285,1652.271411
3389.919752,2523.743328,1649.545949
3394.066350,3288.734561,1324.107649
3395.047523,3249.646339,1330.987850
3395.496683,2331.114813,1657.308685
3398.794969,2446.457016,1650.391365
3398.803682,3224.347114,1353.215647
3401.637046,1571.939052,1670.489875
3403.367503,1603.697813,1667.330296
3405.430835,3308.226974,1322.907272
3407.379100,2593.244547,1643.020626
3408.979684,1786.401723,1657.774399
3409.565763,3297.716035,1308.123582
3410.715833,2451.899712,1641.606220
3410.887074,3237.140644,1341.931136
3415.634361,3273.712224,1319.071116
3416.796778,3293.666984,1311.059850
3418.373623,3210.216046,1331.786577
3424.791481,2332.398047,1656.539093
3429.620804,3241.526408,1331.095294
3431.629836,1713.785376,1660.488867
3431.766304,3281.384945,1318.675099
3438.086108,2626.871125,1635.051710
3443.049751,2310.282498,1655.731806
3452.082771,2576.929419,1624.210177
3454.616374,3339.244321,1289.093256
3456.239284,2576.216201,1621.408351
3462.245068,2559.634161,1630.979751
3471.392171,3946.797923,1196.982271
3472.525907,2497.367902,1617.241844
3474.376132,3344.757724,1273.686490
3474.578763,3302.253868,1285.137720
3477.425365,3333.048505,1257.418706
3477.848819,3488.148354,1234.592082
3478.630431,3493.444890,1232.313710
3494.814023,2505.279990,1607.774711
3495.172274,3613.405994,1201.627474
3497.289932,3889.528155,1200.133124
3497.297618,3548.386384,1212.215478
3498.509942,3567.408348,1198.484157
3501.511745,3557.645276,1201.409857
3502.200273,3432.907600,1229.797911
3505.136759,3637.296715,1196.858826
3509.430437,3527.745276,1219.863531
3510.181326,3504.631731,1222.006150
3511.148271,3546.762978,1203.333225
3511.894306,3524.618439,1219.772807
3512.755238,2621.394327,1580.490074
3513.577854,2507.593784,1595.721557
3518.517504,3970.620815,1194.354368
3521.844749,3653.922514,1189.784432
3522.728288,2604.253018,1582.679357
3522.775144,3854.889472,1177.910253
3523.832609,3578.613151,1189.875363
3525.485239,2625.649837,1574.873428
3528.121277,3673.825518,1189.328625
3528.623535,3532.667630,1195.144229
3529.786438,2593.665755,1584.236804
3529.812963,3960.204023,1169.155557
3530.595993,3698.969740,1183.578371
3532.061924,3198.334684,1262.684617
3534.207305,1631.031887,1658.165622
3534.887347,3947.788300,1175.209440
3535.822542,3932.600183,1153.147939
3535.938147,3657.682380,1169.642396
3536.900318,2604.522764,1570.917512
3538.067771,3957.147385,1149.480775
3538.270313,3731.132378,1160.728654
3540.977442,3746.711910,1158.229752
3542.131806,3902.008289,1149.175359
3542.208383,2558.365804,1573.895570
3542.210167,2558.108361,1574.130948
3543.080095,3215.262855,1256.378265
3543.086760,2566.894566,1570.533299
3544.929130,3417.435139,1228.066355
3545.441348,3536.349707,1186.269125
3546.466593,3498.752864,1226.553150
3546.940989,3112.083033,1299.412280
3547.044444,3734.883362,1151.022207
3547.402430,3643.900497,1182.769327
3549.034434,3503.279498,1218.315906
3549.943623,3937.406907,1147.249862
3550.984207,3472.937875,1215.372877
3558.124488,2524.257938,1583.723705
3559.090780,3759.898666,1139.416338
3560.676597,3134.402349,1284.005831
3564.718365,3464.814791,1222.129841
3566.209250,3197.808772,1270.084743
3567.141444,3211.265878,1257.728914
3567.687642,2276.239329,1629.926446
3567.708100,3534.611040,1184.361502
3568.532886,3465.721368,1211.324191
3572.149341,3399.552366,1218.576547
3574.549217,3140.554584,1277.032345
3575.621467,3113.342028,1275.720120
3576.348283,3722.508366,1159.796231
3576.394177,3726.003004,1150.068443
3576.637788,2319.525049,1619.573728
3578.570031,3472.561869,1201.940409
3579.052261,3491.550538,1196.074653
3579.585608,2206.612168,1638.817368
3580.825065,3354.228518,1251.978386
3582.118796,2310.645617,1603.583848
3583.205547,2348.780238,1601.515620
3583.346959,3763.990640,1136.010899
3583.573635,3145.164908,1269.165479
3583.889024,3475.566549,1201.020834
3583.924746,3509.745217,1187.014960
3585.069383,3387.064621,1245.836655
3585.227819,2033.935931,1624.705476
3586.537405,3538.611739,1175.410334
3588.204818,3103.216530,1267.958467
3588.939102,3158.902146,1267.689929
3589.304742,3413.195451,1198.436838
3589.470413,3311.284971,1243.328929
3590.488253,3532.383940,1173.050160
3591.077094,3699.935506,1140.276619
3595.602385,3372.558261,1237.974028
3595.971172,3512.097438,1182.756655
3596.781198,3189.992864,1251.880090
3598.409787,3747.155789,1138.671683
3599.591162,3282.659688,1245.958312
3600.679376,2529.827977,1579.534239
3600.697554,3530.491294,1178.520003
3602.236068,3498.044007,1170.856207
3602.983263,3391.333762,1223.111082
3603.117420,3714.393698,1120.309316
3604.294384,2513.145267,1586.709385
3604.719013,3139.822537,1265.237417
3605.833388,3298.276492,1238.879288
3605.962018,3475.097378,1198.433586
3606.476331,3284.902396,1242.562467
3610.156494,3311.736654,1233.822268
3611.082933,3556.320574,1168.209418
3612.822740,2498.045376,1593.316928
3614.339346,3698.653247,1149.432697
3614.809543,3317.853031,1232.494083
3614.825144,3197.695220,1238.702769
3615.132386,3440.278755,1196.926598
3616.906145,3357.264187,1214.410373
3617.901174,3464.247057,1178.025471
3619.886107,3171.513578,1245.460076
3621.104817,3659.190202,1120.905800
3621.661238,2077.722382,1619.024445
3625.099471,3503.847583,1168.006413
3625.313995,1967.906787,1627.167346
3625.937553,3125.276135,1240.243683
3626.121436,2124.309898,1604.827516
3626.459043,3323.186350,1229.288342
3628.890569,3329.624673,1225.362199
3632.838131,2367.805698,1597.923739
3634.674616,3634.491556,1122.511296
3636.956319,1596.329917,1668.162638
3643.369501,1528.006359,1662.397830
3645.639088,3580.778938,1137.874660
3648.566548,2613.465831,1570.267681
3650.346403,1556.659078,1660.526641
3650.681852,3193.230410,1211.352461
3663.230412,1472.388391,1658.541308
3663.765198,1455.002064,1657.805573
3666.504683,1502.467146,1656.591284
3672.883386,1949.213097,1656.033396
3685.045370,2925.414848,1495.815555
3686.442461,2642.755254,1566.532966
3687.400272,1965.647155,1635.366273
3688.219053,2751.593478,1562.773682
3688.486545,2620.345925,1555.340614
3689.038254,2595.209649,1550.901358
3690.295073,2522.834998,1540.038749
3691.221399,1961.031448,1656.027255
3691.930251,1948.895430,1639.476139
3701.620558,2822.920105,1514.364546
3703.886991,1954.573613,1629.846902
3705.337800,2719.304122,1534.518299
3705.798197,1917.397678,1639.073978
3706.027451,2890.974123,1512.571801
3706.393898,1560.714948,1656.406366
3712.498085,1567.559928,1645.168641
3716.114048,2746.479042,1531.564486
3718.871872,1549.954381,1641.173913
3721.650597,2881.493207,1482.966345
3723.844604,2878.454159,1485.172982
3724.663591,2808.679031,1521.879650
3731.049792,1976.606132,1625.768428
3733.138522,1923.551976,1626.113176
3740.704174,2938.201054,1463.574455
3740.883921,2685.792190,1532.120975
3740.964994,2788.067682,1508.573723
3751.516408,2724.008142,1519.708531
3751.976695,2919.501282,1454.544054
3754.435511,2722.088765,1515.913886
3755.925964,1586.982093,1633.295866
3758.778631,2855.917360,1496.491723
3758.912905,1543.810206,1608.905974
3769.171735,1278.484088,1546.530228
3774.886642,2802.673884,1477.809313
3775.105731,2866.392644,1473.057594
3775.541568,2785.980797,1514.896440
3786.069143,2823.450344,1467.375307
3791.468117,1427.655459,1541.947717
3794.561543,1277.082270,1558.434587
3797.849787,1314.735190,1520.028312
3799.225267,1434.060390,1506.170219
3800.526102,2735.481495,1488.385821
3805.689500,1061.852534,1541.942450
3807.844659,1309.815203,1514.543751
3808.437003,2817.568840,1477.712580
3809.821052,2762.862531,1468.092121
3811.174561,1378.174511,1504.430375
3812.557751,1151.313304,1513.336722
3813.464149,1396.408354,1497.718545
3815.382172,1400.589997,1492.448572
3815.653119,1222.418785,1496.677113
3816.240815,1161.524788,1508.358039
3826.226596,1871.420297,1483.522472
3828.064340,1853.282487,1474.461306
3830.840728,1113.269542,1500.881866
3835.072665,1608.352005,1476.554817
3837.481019,1857.027728,1464.118391
3839.878884,1690.014065,1470.849785
3844.273656,1663.821694,1468.113974
3844.824897,1504.941068,1476.442314
3848.037279,1678.948388,1466.450188
3851.750835,1446.321521,1463.910485
3857.255478,1598.257964,1459.603618
3858.360581,1460.081196,1454.852379
3859.778817,1440.612190,1460.911433
3866.658815,2155.992067,1449.541856
3867.697799,1454.120322,1459.186944
3869.237277,1501.232914,1441.303336
3879.394418,2183.785502,1435.655501
3879.448127,1736.606100,1416.533636
3879.698504,1294.430249,1427.600276
3881.774228,1999.468087,1401.452496
3882.504313,2151.521385,1399.128943
3884.074084,1594.464250,1410.388611
3885.930268,2432.367440,1381.574210
3886.386035,1543.719260,1424.567294
3887.456356,1773.619558,1401.904302
3887.538609,2223.873301,1393.374437
3888.167071,1229.307874,1401.932856
3889.010324,2506.768298,1378.414928
3897.681947,2429.591660,1390.119863
3897.957338,1762.130271,1392.470447
3907.074647,2296.486478,1383.474148
3912.619477,2364.978119,1372.170598
3916.198728,2409.115506,1370.208416
3919.905758,1954.742460,1337.346265
3923.582946,1826.822110,1342.350125
3925.970642,1959.631830,1332.105745
3926.395655,1860.679510,1327.665671
3929.297871,1780.876022,1343.223789
3937.627933,1759.836019,1331.637357
3953.832370,1805.138747,1319.447643
3961.325144,1719.435521,1351.992631
3962.289508,1592.432011,1328.872769
3968.766703,1562.119939,1322.839812
