84
0.000000,1.000000;0.000000,150.000000;-1
0.242536,0.970143;0.000000,150.000000;-1
0.554700,0.832050;0.000000,150.000000;-1
0.832050,0.554700;0.000000,150.000000;-1
0.970143,0.242536;0.000000,150.000000;-1
1.000000,0.000000;0.000000,150.000000;-1
0.000000,1.000000;-15.153188,138.008418;0
0.000000,1.000000;-7.315590,149.224152;6
0.000000,1.000000;-6.646384,149.859017;7
0.000000,1.000000;-6.260689,149.905659;8
0.242536,0.970143;29.616107,144.762135;1
0.242536,0.970143;38.334989,147.926247;10
0.242536,0.970143;38.025871,148.752256;11
0.242536,0.970143;39.909200,148.850968;12
0.554700,0.832050;42.681685,146.273692;2
0.554700,0.832050;114.610824,124.217145;14
0.554700,0.832050;138.594956,118.445780;15
0.554700,0.832050;119.967639,127.960370;16
0.832050,0.554700;24.037388,124.832900;3
0.832050,0.554700;45.019978,100.168086;18
0.832050,0.554700;53.638410,138.971199;19
0.832050,0.554700;66.914810,141.199428;20
0.970143,0.242536;32.849396,88.372274;4
0.970143,0.242536;51.363039,89.784876;22
0.970143,0.242536;133.995300,84.677746;23
0.970143,0.242536;247.956946,29.589646;24
1.000000,0.000000;32.072131,105.869763;5
1.000000,0.000000;42.263017,85.388653;26
1.000000,0.000000;65.553948,123.815218;27
1.000000,0.000000;182.795500,44.228640;28
0.896410,0.443227;142.916512,102.969312;16
0.980581,0.196116;146.347688,93.313094;16
0.514496,0.857493;224.680948,76.273533;25
0.980581,0.196116;156.297001,107.055308;17
0.896410,0.443227;158.979719,111.912285;17
0.707107,0.707107;66.387078,138.485486;27
0.874313,0.485363;255.489171,29.982583;25
0.016820,0.999859;136.343089,134.182959;32
0.718900,0.695113;249.112960,38.897645;25
0.196116,0.980581;42.370081,148.475776;19
0.970143,0.242536;251.074975,41.131677;32
0.718900,0.695113;235.325212,70.221430;32
0.980581,0.196116;160.336644,82.166015;31
0.514496,0.857493;180.370971,118.873795;37
0.514496,0.857493;208.246399,99.207490;41
0.196116,0.980581;42.187818,149.442115;39
0.718900,0.695113;192.756661,109.468990;37
0.514496,0.857493;228.408069,75.454328;40
0.016820,0.999859;135.042178,136.432352;46
0.016820,0.999859;117.056720,141.399837;43
0.970143,0.242536;252.660593,33.755359;40
0.016820,0.999859;161.842617,126.162177;44
0.514496,0.857493;192.079364,112.745013;44
0.275029,0.961436;160.214701,129.230128;46
0.016820,0.999859;12.590084,149.975511;49
0.275029,0.961436;226.159829,75.053166;36
0.275029,0.961436;138.877886,137.044818;53
0.970143,0.242536;256.881938,27.721949;36
0.016820,0.999859;199.809756,101.315595;38
0.970143,0.242536;246.039805,48.178816;41
0.016820,0.999859;102.034297,144.075375;53
0.970143,0.242536;256.069484,26.943948;57
0.718900,0.695113;251.513758,41.265182;57
0.874313,0.485363;228.476964,75.332481;44
0.514496,0.857493;178.706470,120.475697;52
0.874313,0.485363;240.707433,60.916867;47
0.718900,0.695113;232.286186,71.289084;41
0.196116,0.980581;41.847166,149.402059;45
0.064359,0.997927;72.796962,145.733971;16
0.718900,0.695113;237.089058,69.056207;65
0.275029,0.961436;147.313276,134.979632;43
0.514496,0.857493;174.793543,124.031768;53
0.016820,0.999859;213.899481,94.172930;69
0.016820,0.999859;39.367384,148.270561;56
0.275029,0.961436;143.274178,136.504475;56
0.275029,0.961436;216.837227,91.931253;69
0.874313,0.485363;183.143815,118.388048;70
0.874313,0.485363;239.936565,61.350313;69
0.970143,0.242536;202.032184,104.877751;71
0.970143,0.242536;204.060144,102.158868;64
0.718900,0.695113;198.066676,110.533950;71
0.718900,0.695113;221.277975,87.559802;75
0.514496,0.857493;178.492022,121.936531;71
0.554700,0.832050;102.327716,134.226146;68
120
54
45
39
14
68
60
49
56
74
70
53
51
71
82
64
43
76
52
80
78
79
44
72
75
81
32
47
63
66
41
69
77
65
59
62
50
36
57
54
54
10
18
12
13
13
45
45
14
14
22
20
19
21
21
68
68
28
23
60
60
83
49
49
17
17
48
48
56
56
74
74
70
70
16
16
53
53
51
51
71
71
82
33
43
43
76
76
24
52
52
80
46
78
42
79
58
44
44
72
72
75
75
81
63
63
69
69
65
65
59
59
62
62
38
50
50
36
36
57
57
