48
0.000000,1.000000;92.248754,-47.787199;-1
0.242536,0.970143;78.166468,-36.396466;-1
0.554700,0.832050;51.622195,-30.706283;-1
0.832050,0.554700;87.821443,-43.440879;-1
0.970143,0.242536;64.019361,-35.052565;-1
1.000000,0.000000;55.729676,-30.682038;-1
0.000000,1.000000;43.966568,33.321440;0
0.000000,1.000000;47.961860,85.515425;6
0.000000,1.000000;358.501054,537.487935;7
0.000000,1.000000;490.554268,791.536592;8
0.000000,1.000000;607.247236,1033.030480;9
0.242536,0.970143;39.971765,22.782317;1
0.242536,0.970143;329.143859,456.463824;11
0.242536,0.970143;347.757692,636.313226;12
0.242536,0.970143;1488.829402,2555.717051;13
0.242536,0.970143;2966.656666,5624.961352;14
0.554700,0.832050;60.929034,44.190871;2
0.554700,0.832050;237.212735,223.531074;16
0.554700,0.832050;561.415850,560.850665;17
0.554700,0.832050;992.017882,868.808080;18
0.554700,0.832050;3380.369761,3400.301465;19
0.832050,0.554700;289.068567,-49.592016;3
0.832050,0.554700;425.020537,-96.901487;21
0.832050,0.554700;642.574734,-189.703508;22
0.832050,0.554700;832.721028,-258.693296;23
0.832050,0.554700;1391.351580,-444.748405;24
0.970143,0.242536;249.736649,-95.255416;4
0.970143,0.242536;368.416200,-185.422078;26
0.970143,0.242536;503.580220,-282.992717;27
0.970143,0.242536;763.221113,-399.939788;28
0.970143,0.242536;831.549307,-470.750062;29
1.000000,0.000000;329.027019,-140.401534;5
1.000000,0.000000;435.988221,-227.134820;31
1.000000,0.000000;537.527865,-316.245053;32
1.000000,0.000000;779.200527,-478.500608;33
1.000000,0.000000;1555.160382,-999.581515;34
0.242536,0.970143;2985.468949,5823.017596;15
0.896410,0.443227;4761.575817,3604.063095;20
0.857493,0.514496;3248.661287,5720.430352;15
0.695113,0.718900;3085.031291,5818.676121;15
0.485363,0.874313;3011.476491,5816.662731;15
0.980581,0.196116;4548.180025,3581.793200;20
0.896410,0.443227;5222.864796,3987.280835;37
0.999859,0.016820;3974.314086,4583.183576;38
0.242536,0.970143;2993.041096,5850.689270;36
0.064359,0.997927;3598.208652,5251.851956;20
0.554700,0.832050;4706.605399,4792.424043;37
0.320449,0.947266;4229.583325,5203.815771;37
24
44
40
39
13
38
7
14
10
9
8
45
12
47
43
46
20
18
17
19
41
42
37
16
11
