225
0.000000,0.000000,1.000000;39.572295,-22.751746,185.063135;-1
0.000000,0.316228,0.948683;50.380036,5.698987,137.950832;-1
0.000000,0.707107,0.707107;370.583725,-306.299769,1016.632959;-1
0.000000,0.948683,0.316228;-15.594869,-88.962769,360.941590;-1
0.000000,1.000000,0.000000;-5.154673,-93.104955,402.549149;-1
0.316228,0.000000,0.948683;-56.098791,24.323823,222.801711;-1
0.408248,0.408248,0.816497;58.903553,25.153261,114.137640;-1
0.408248,0.816497,0.408248;261.031509,-153.742420,435.398342;-1
0.316228,0.948683,0.000000;36.443228,19.164618,34.776058;-1
0.707107,0.000000,0.707107;17.781846,-9.831222,261.333871;-1
0.816497,0.408248,0.408248;149.354866,-44.820117,257.803999;-1
0.707107,0.707107,0.000000;-78.082605,-0.702813,279.947388;-1
0.948683,0.000000,0.316228;49.417731,24.441719,78.614693;-1
0.948683,0.316228,0.000000;40.859894,-29.282715,118.096234;-1
1.000000,0.000000,0.000000;-35.080342,-3.265493,189.993029;-1
0.000000,0.000000,1.000000;561.352185,-662.197116,2474.909786;0
0.000000,0.000000,1.000000;560.971499,-543.935243,2474.809320;15
0.000000,0.000000,1.000000;564.688248,-547.350543,2478.003343;16
0.000000,0.000000,1.000000;565.218619,-579.305746,2479.085732;17
0.000000,0.000000,1.000000;566.262602,-591.685756,2478.335362;18
0.000000,0.316228,0.948683;468.658047,142.811576,2495.530884;1
0.000000,0.316228,0.948683;466.361984,131.174715,2492.266039;20
0.000000,0.316228,0.948683;466.318193,129.302797,2492.331673;21
0.000000,0.316228,0.948683;465.384873,130.003811,2491.112769;22
0.000000,0.316228,0.948683;464.624320,127.188849,2491.934869;23
0.000000,0.707107,0.707107;503.941745,171.620853,2495.556542;2
0.000000,0.707107,0.707107;507.541351,190.962624,2494.590672;25
0.000000,0.707107,0.707107;508.855035,197.929900,2494.323593;26
0.000000,0.707107,0.707107;508.282651,196.552992,2495.140012;27
0.000000,0.707107,0.707107;507.229568,194.088234,2494.281266;28
0.000000,0.948683,0.316228;1699.611269,1873.908891,1987.621151;3
0.000000,0.948683,0.316228;1738.699629,2624.496222,1869.472188;30
0.000000,0.948683,0.316228;2041.532827,3599.960070,1822.036624;31
0.000000,0.948683,0.316228;2324.292906,3884.435797,1758.425296;32
0.000000,0.948683,0.316228;2549.553276,3933.515270,1703.138261;33
0.000000,1.000000,0.000000;1271.768167,2007.069567,1778.758503;4
0.000000,1.000000,0.000000;1985.270464,3745.473513,1736.335698;35
0.000000,1.000000,0.000000;2248.310381,4290.162647,1587.256562;36
0.000000,1.000000,0.000000;2250.431608,4611.759467,1456.057069;37
0.000000,1.000000,0.000000;2202.419700,4707.372660,1370.757095;38
0.316228,0.000000,0.948683;507.923607,-98.835769,2490.776343;5
0.316228,0.000000,0.948683;536.683602,88.399171,2494.429557;40
0.316228,0.000000,0.948683;542.189117,26.189794,2494.035251;41
0.316228,0.000000,0.948683;542.385759,-2.528805,2493.909714;42
0.316228,0.000000,0.948683;543.743228,-9.368225,2494.219375;43
0.408248,0.408248,0.816497;500.338877,74.580388,2493.959313;6
0.408248,0.408248,0.816497;481.817152,107.588170,2495.053902;45
0.408248,0.408248,0.816497;467.894772,67.273887,2494.154555;46
0.408248,0.408248,0.816497;467.496377,72.678941,2494.620151;47
0.408248,0.408248,0.816497;464.537005,69.718169,2494.892150;48
0.408248,0.816497,0.408248;747.946360,576.894952,2276.240128;7
0.408248,0.816497,0.408248;1893.568879,1987.580518,2085.060662;50
0.408248,0.816497,0.408248;2263.161799,2908.937667,1993.338272;51
0.408248,0.816497,0.408248;2851.045573,3361.764821,1802.406746;52
0.408248,0.816497,0.408248;2931.576336,3487.220865,1741.223510;53
0.316228,0.948683,0.000000;2076.483166,3343.147012,1775.778765;8
0.316228,0.948683,0.000000;2529.901779,4115.235674,1555.601843;55
0.316228,0.948683,0.000000;2273.348715,4454.359941,1561.936290;56
0.316228,0.948683,0.000000;2478.308459,4879.333006,1491.253830;57
0.316228,0.948683,0.000000;2447.530187,4984.486103,1386.202820;58
0.707107,0.000000,0.707107;471.580634,-158.702207,2493.759322;9
0.707107,0.000000,0.707107;473.173512,38.012126,2495.211109;60
0.707107,0.000000,0.707107;472.762491,78.799398,2495.786635;61
0.707107,0.000000,0.707107;469.107879,82.987064,2495.521647;62
0.707107,0.000000,0.707107;467.007937,83.132758,2495.730046;63
0.816497,0.408248,0.408248;533.146122,82.099655,2496.254321;10
0.816497,0.408248,0.408248;761.487482,675.165067,2319.429834;65
0.816497,0.408248,0.408248;1793.580792,1514.450779,2079.259790;66
0.816497,0.408248,0.408248;2559.169232,1926.303895,1898.995119;67
0.816497,0.408248,0.408248;2887.809987,2304.548772,1817.875083;68
0.707107,0.707107,0.000000;105.111365,-2.366247,322.694755;11
0.707107,0.707107,0.000000;1654.347240,836.767263,-742.251616;70
0.707107,0.707107,0.000000;2065.732363,893.204617,-2324.598411;71
0.707107,0.707107,0.000000;2189.580874,915.892156,-3070.554925;72
0.707107,0.707107,0.000000;2347.483990,915.597110,-3631.848928;73
0.948683,0.000000,0.316228;2037.902500,617.686163,1833.141396;12
0.948683,0.000000,0.316228;2979.366326,1908.953899,1729.909279;75
0.948683,0.000000,0.316228;3426.363355,1887.347355,1642.993736;76
0.948683,0.000000,0.316228;3591.912476,1680.922221,1635.412434;77
0.948683,0.000000,0.316228;3748.821357,1278.185319,1562.895874;78
0.948683,0.316228,0.000000;3030.722811,1854.257145,1647.394126;13
0.948683,0.316228,0.000000;2964.039616,2668.435795,1567.539425;80
0.948683,0.316228,0.000000;3135.889962,2930.363751,1507.217421;81
0.948683,0.316228,0.000000;3410.887074,3237.140644,1341.931136;82
0.948683,0.316228,0.000000;3520.767980,3384.744241,1207.561635;83
1.000000,0.000000,0.000000;1706.123405,370.026632,1717.129363;14
1.000000,0.000000,0.000000;2327.957443,1319.457276,1634.330595;85
1.000000,0.000000,0.000000;2933.082025,1597.251862,1484.104551;86
1.000000,0.000000,0.000000;3387.041299,1757.784794,1292.607130;87
1.000000,0.000000,0.000000;3751.989056,1364.991859,1198.478986;88
0.989949,0.000000,0.141421;3625.937553,3125.276135,1240.243683;84
1.000000,0.000000,0.000000;3833.767471,1054.902879,1468.545483;79
0.784465,0.588348,0.196116;3495.429203,3644.936425,1158.833937;84
0.989949,0.000000,0.141421;3862.511944,1324.325652,1433.382959;79
0.948683,0.000000,0.316228;3111.895316,2399.953119,1793.960124;69
0.426401,0.639602,0.639602;2632.013858,5106.758678,1449.715177;59
0.948683,0.316228,0.000000;3531.886127,3478.057103,1115.969416;84
0.639602,0.426401,0.639602;3433.527859,2578.752824,1631.225376;77
0.000000,0.857493,0.514496;2710.446847,3996.428609,1692.391223;34
0.948683,0.316228,0.000000;3620.977531,2040.627616,1175.131481;89
0.588348,0.196116,0.784465;3140.390406,3331.884644,1742.719482;54
0.426401,0.639602,0.639602;502.381362,222.810522,2496.353482;65
0.857493,0.514496,0.000000;3325.456520,2625.938194,1578.752773;76
0.639602,0.639602,0.426401;3662.428364,2656.193282,1553.267735;78
0.588348,0.196116,0.784465;3733.138522,1923.551976,1626.113176;79
0.948683,0.316228,0.000000;3743.011545,2822.702017,1491.505522;103
0.514496,0.857493,0.000000;3471.392171,3946.797923,1196.982271;92
0.182574,0.912871,0.365148;2432.184447,5231.585637,1481.247551;95
0.989949,0.141421,0.000000;3956.454652,1600.625037,1341.691382;93
0.000000,0.707107,0.707107;2428.714164,3348.177114,1910.822090;52
0.000000,0.857493,0.514496;2773.983467,4032.937868,1694.302657;98
0.857493,0.514496,0.000000;3734.205061,2918.612495,1458.543876;103
0.000000,0.857493,0.514496;2342.764594,4856.511434,1605.965435;57
0.857493,0.514496,0.000000;2656.472333,5152.822077,1375.846225;59
0.912871,0.365148,0.182574;3640.973791,2656.736725,1538.005594;97
0.784465,0.588348,0.196116;3520.917464,3718.124739,1161.166403;92
0.912871,0.365148,0.182574;3887.179101,2397.085231,1369.667955;93
1.000000,0.000000,0.000000;3598.606734,3239.280867,1242.189433;92
0.707107,0.000000,0.707107;3755.925964,1586.982093,1633.295866;78
0.000000,0.857493,0.514496;480.641854,171.290330,2496.250983;45
0.857493,0.000000,0.514496;2733.208630,4792.056622,1513.191291;113
0.000000,0.514496,0.857493;2233.692720,5072.168441,1600.071490;107
0.514496,0.857493,0.000000;3465.817332,4099.604161,1171.587704;106
0.989949,0.141421,0.000000;3979.428035,1940.483062,1293.813706;108
0.408248,0.816497,0.408248;3806.816842,3007.771640,1387.759103;116
0.857493,0.514496,0.000000;3849.834986,2854.783231,1392.956023;111
0.784465,0.588348,0.196116;2679.060046,5305.453852,1370.741300;107
0.000000,0.948683,0.316228;3299.657654,4102.195074,1202.323265;106
0.784465,0.196116,0.588348;3338.981289,3246.567112,1651.950174;54
0.707107,0.707107,0.000000;3036.544957,3593.847787,1655.994871;54
0.707107,0.707107,0.000000;3416.018744,4027.080411,1253.885636;106
0.000000,0.948683,0.316228;2791.231825,4033.209479,1674.930700;110
0.426401,0.639602,0.639602;2466.595737,3716.539534,1724.971550;55
0.000000,0.707107,0.707107;2369.905844,3456.815768,1885.670439;109
0.000000,0.000000,1.000000;3114.966802,1305.422812,1803.682558;104
1.000000,0.000000,0.000000;4032.603451,1547.227882,1177.629234;123
0.857493,0.000000,0.514496;3304.702170,2279.803002,1688.568453;94
0.514496,0.857493,0.000000;2639.013515,5415.311639,1323.726290;126
0.857493,0.514496,0.000000;3850.388653,2919.553091,1335.402971;125
0.000000,1.000000,0.000000;3371.754454,4181.476556,1100.520854;122
0.365148,0.912871,0.182574;3753.899719,3102.041190,1418.391913;125
0.316228,0.000000,0.948683;2677.187219,2573.856164,1867.000378;128
0.707107,0.707107,0.000000;3926.262337,2834.399739,1323.718155;116
0.000000,0.989949,0.141421;2644.645188,3764.746371,1742.313234;133
0.514496,0.857493,0.000000;3480.667186,4123.108358,1144.415597;122
0.989949,0.141421,0.000000;3997.719567,2401.666092,1221.913938;123
0.784465,0.196116,0.588348;3287.194947,3283.592923,1670.983357;128
0.316228,0.948683,0.000000;3410.401417,4145.068392,1146.829499;130
0.707107,0.707107,0.000000;3167.896357,3808.175207,1564.991038;129
0.912871,0.182574,0.365148;2868.281158,4704.849379,1483.180377;120
0.426401,0.639602,0.639602;2651.190697,5331.079360,1411.620812;137
1.000000,0.000000,0.000000;4060.694442,1556.004652,1074.459623;135
0.000000,0.989949,0.141421;3686.324157,3354.038233,1372.795199;124
0.912871,0.365148,0.182574;3972.733854,2850.103379,1178.435464;145
0.857493,0.514496,0.000000;2872.617095,4957.616185,1392.352761;149
0.000000,0.989949,0.141421;3626.269312,3285.911072,1430.933735;140
0.316228,0.000000,0.948683;2554.792826,2002.005666,1975.795696;100
0.141421,0.989949,0.000000;3337.797490,4186.272127,1078.476789;139
0.707107,0.707107,0.000000;2640.503895,5434.943360,1339.906756;137
0.000000,0.141421,0.989949;525.141477,-221.671604,2473.773451;100
0.408248,0.408248,0.816497;2545.278177,5104.369673,1531.881192;126
0.000000,0.316228,0.948683;3101.119401,2230.616333,1839.420622;134
0.857493,0.000000,0.514496;2790.533977,4517.173451,1542.575756;120
0.196116,0.588348,0.784465;536.591906,50.000870,2494.175659;42
0.000000,0.707107,0.707107;3396.227301,3090.773392,1561.240485;140
0.162221,0.973329,0.162221;2548.655663,5487.177215,1330.896393;158
0.784465,0.196116,0.588348;3869.230016,2564.890688,1435.885832;116
0.000000,0.857493,0.514496;2402.692317,5348.508362,1464.754528;137
1.000000,0.000000,0.000000;4043.632725,1489.479703,1037.105717;151
0.000000,1.000000,0.000000;3296.761919,4285.723204,1108.534565;139
1.000000,0.000000,0.000000;3942.439372,853.743686,1347.060885;91
0.707107,0.000000,0.707107;3238.621662,2636.474187,1823.655331;156
0.000000,0.857493,0.514496;2208.414036,3902.913163,1638.264836;55
0.989949,0.141421,0.000000;2809.995997,5132.810374,1368.659788;158
0.408248,0.408248,0.816497;2710.805428,4789.429442,1577.984224;120
0.857493,0.514496,0.000000;2832.137643,5088.630105,1395.280991;154
0.000000,0.948683,0.316228;2413.925066,5426.453834,1414.199799;137
0.973329,0.162221,0.162221;3963.919674,2342.085292,1289.565516;123
0.182574,0.912871,0.365148;2554.262246,5438.403981,1348.977191;158
0.196116,0.784465,0.588348;3563.337725,3266.604872,1480.375630;140
0.000000,1.000000,0.000000;3220.949844,4340.930757,1099.326308;169
0.000000,0.707107,0.707107;2415.393892,5465.605998,1419.335261;165
0.316228,0.948683,0.000000;2591.110782,5533.006963,1310.681801;165
0.408248,0.408248,0.816497;2589.214662,3453.257658,1866.760768;109
0.989949,0.141421,0.000000;4068.202129,2162.345412,1056.414858;151
0.000000,0.857493,0.514496;2642.318540,3746.697480,1762.363372;133
0.196116,0.588348,0.784465;3194.114823,2584.223898,1766.222204;161
0.365148,0.182574,0.912871;2646.289496,3439.644753,1870.155402;133
1.000000,0.000000,0.000000;3356.090786,2440.970246,1757.759311;94
0.989949,0.000000,0.141421;3977.630787,2132.482682,1373.446056;166
0.784465,0.196116,0.588348;2919.628576,5025.541243,1395.863954;173
0.000000,0.707107,0.707107;2528.539100,3641.385912,1823.324009;133
0.196116,0.588348,0.784465;3513.535894,3151.643004,1534.653056;140
0.365148,0.912871,0.182574;2589.413512,3547.257940,1806.241295;109
0.514496,0.000000,0.857493;3672.702122,1180.238386,1603.608870;118
0.000000,0.000000,1.000000;532.290925,-260.684380,2473.639332;100
0.141421,0.989949,0.000000;2484.722704,5580.410425,1245.774966;182
0.857493,0.000000,0.514496;3804.894199,1412.546987,1573.154373;118
0.000000,1.000000,0.000000;3148.876255,4283.509029,1050.870185;180
0.707107,0.707107,0.000000;2661.005924,5357.050506,1290.019564;173
0.182574,0.912871,0.365148;2557.985614,5545.114544,1301.971284;182
0.948683,0.316228,0.000000;3920.550887,2833.070656,1364.781616;166
0.182574,0.365148,0.912871;3647.811884,3132.503472,1505.115250;124
0.316228,0.948683,0.000000;2544.195958,5545.899579,1242.353070;182
0.514496,0.857493,0.000000;2624.921172,5560.203239,1258.269818;182
0.948683,0.316228,0.000000;2748.541504,5295.619692,1333.308355;173
0.514496,0.857493,0.000000;3752.452405,3234.954296,1331.020859;124
0.000000,0.857493,0.514496;2409.426313,5424.622153,1417.853694;165
0.857493,0.000000,0.514496;3957.773319,1985.402494,1414.060567;189
0.707107,0.000000,0.707107;3774.822899,1543.757179,1590.310835;118
0.141421,0.000000,0.989949;3493.918297,2868.088616,1670.332402;202
0.514496,0.000000,0.857493;3741.255408,2713.663218,1528.146597;202
0.707107,0.707107,0.000000;3777.454351,3148.465029,1373.137833;140
0.912871,0.365148,0.182574;501.687984,222.815517,2496.515515;101
0.514496,0.857493,0.000000;3656.181993,3321.152835,1321.089086;206
0.000000,0.857493,0.514496;2448.940339,5536.316695,1353.303223;204
0.857493,0.514496,0.000000;3814.177196,3123.956402,1339.775648;140
0.989949,0.141421,0.000000;3949.546158,1662.613024,1354.502849;170
0.408248,0.408248,0.816497;3780.402525,2885.750777,1496.391951;166
0.000000,0.989949,0.141421;3670.830956,3424.243924,1319.042076;206
0.707107,0.707107,0.000000;3899.873012,3002.925320,1253.008994;145
0.196116,0.784465,0.588348;2549.770452,5534.849564,1319.884607;182
0.426401,0.639602,0.639602;2478.603577,4760.994609,1593.464252;57
0.588348,0.196116,0.784465;2716.391849,3416.941415,1841.082418;183
0.639602,0.426401,0.639602;2852.627085,5134.023807,1418.602281;175
63
42
163
213
101
66
50
35
31
32
55
222
57
204
182
67
51
30
187
183
131
110
224
173
156
68
141
129
100
169
147
180
198
85
86
94
161
202
192
115
219
144
122
75
77
76
211
166
206
216
118
134
189
208
145
177
194
217
108
123
170
91
151
135
