54
0.000000,1.000000;65.994516,24.105120;-1
0.242536,0.970143;85.577617,28.946623;-1
0.554700,0.832050;123.559555,-8.200190;-1
0.832050,0.554700;-57.469926,-137.142538;-1
0.970143,0.242536;-4.387373,0.758677;-1
1.000000,0.000000;113.491812,-16.945005;-1
0.000000,1.000000;-48.667200,180.256755;0
0.000000,1.000000;-45.629330,251.725798;6
0.000000,1.000000;-47.484809,277.337782;7
0.000000,1.000000;-44.727198,282.678827;8
0.000000,1.000000;-45.592461,285.019396;9
0.242536,0.970143;249.582724,498.580038;1
0.242536,0.970143;511.478441,956.385122;11
0.242536,0.970143;527.250053,1339.108338;12
0.242536,0.970143;525.499772,1354.749686;13
0.242536,0.970143;523.897475,1446.333253;14
0.554700,0.832050;1225.441953,1117.588919;2
0.554700,0.832050;1784.465762,2424.005399;16
0.554700,0.832050;2251.017566,3402.718970;17
0.554700,0.832050;2848.454769,3851.871753;18
0.554700,0.832050;3140.968813,3981.503194;19
0.832050,0.554700;1927.937074,1513.007132;3
0.832050,0.554700;2743.779370,2547.553446;21
0.832050,0.554700;2720.854104,3276.630515;22
0.832050,0.554700;2808.215359,3759.293965;23
0.832050,0.554700;2951.332473,4061.866033;24
0.970143,0.242536;1753.889253,381.976161;4
0.970143,0.242536;3148.751463,1461.943188;26
0.970143,0.242536;3212.253936,2282.960319;27
0.970143,0.242536;3227.236736,2328.681481;28
0.970143,0.242536;3305.239008,2563.417626;29
1.000000,0.000000;670.670927,-111.127136;5
1.000000,0.000000;2771.985666,1025.345336;31
1.000000,0.000000;3498.538544,1559.965195;32
1.000000,0.000000;3756.886378,1819.412366;33
1.000000,0.000000;3862.600897,2051.488499;34
0.196116,0.980581;2568.656024,4492.930084;25
0.514496,0.857493;3270.855951,3148.974491;30
0.707107,0.707107;3663.697751,3254.272962;34
1.000000,0.000000;3885.313367,2138.277104;35
0.874313,0.485363;3305.654740,3072.669960;30
0.707107,0.707107;3279.653898,3323.044442;33
0.196116,0.980581;2603.127302,4688.689257;36
0.707107,0.707107;3512.376757,3494.743496;38
0.064359,0.997927;2586.616479,4903.841996;20
0.980581,0.196116;3488.495758,3649.751557;20
0.866025,0.500000;3877.555638,3125.161175;39
0.832050,0.554700;2735.193987,4552.874860;36
1.000000,-0.000000;3785.601954,3039.713565;38
0.320449,0.947266;2590.110132,5109.336702;44
0.258819,0.965926;3690.323881,3566.300663;46
0.443227,0.896410;2707.017950,4686.517267;47
0.554700,0.832050;2703.289257,4915.738119;44
0.500000,0.866025;3725.416071,3442.891144;46
59
49
52
51
47
25
20
45
50
53
46
39
15
14
13
49
11
44
44
12
52
42
51
36
47
47
18
25
25
20
20
23
45
45
41
41
43
43
50
37
53
40
38
38
46
46
21
30
30
29
28
39
39
35
35
34
27
33
32
26
