144
0.000000,1.000000;120.735878,533.538710;-1
0.242536,0.970143;637.546064,1591.074670;-1
0.554700,0.832050;242.380450,1374.632936;-1
0.832050,0.554700;96.529614,388.981405;-1
0.970143,0.242536;455.672303,1164.503882;-1
1.000000,0.000000;393.119509,487.303105;-1
0.000000,1.000000;501.182536,1938.668147;0
0.000000,1.000000;499.697411,2489.986117;6
0.000000,1.000000;499.768543,2499.507921;7
0.000000,1.000000;499.842296,2499.371177;8
0.242536,0.970143;502.500662,2099.679828;1
0.242536,0.970143;503.657407,2477.970852;10
0.242536,0.970143;502.060756,2497.415597;11
0.242536,0.970143;670.125528,2461.578285;12
0.554700,0.832050;502.830221,1873.825826;2
0.554700,0.832050;1062.775969,2279.877328;14
0.554700,0.832050;2126.927399,2015.604508;15
0.554700,0.832050;2376.658973,1974.519465;16
0.832050,0.554700;504.600014,1231.197905;3
0.832050,0.554700;1744.138454,1566.573307;18
0.832050,0.554700;2372.134528,1297.811194;19
0.832050,0.554700;2428.229468,1558.515441;20
0.970143,0.242536;1177.138620,1716.898483;4
0.970143,0.242536;2153.684239,1064.059839;22
0.970143,0.242536;2310.070558,959.525304;23
0.970143,0.242536;2384.972170,1013.737738;24
1.000000,0.000000;1159.615317,1795.547147;5
1.000000,0.000000;2176.350863,1016.701868;26
1.000000,0.000000;2365.469833,830.206355;27
1.000000,0.000000;2409.133196,746.890121;28
0.896410,0.443227;2411.747205,1879.289398;16
0.857493,0.514496;1384.228722,2260.291967;13
0.064359,0.997927;501.670358,2494.689563;16
0.064359,0.997927;505.911119,2486.156724;17
0.320449,0.947266;2240.033459,2075.240717;16
0.751150,0.660132;2383.702388,1907.842208;16
0.064359,0.997927;502.902737,2491.686193;34
0.997927,0.064359;2434.849284,1491.299859;21
0.707107,0.707107;2396.751868,1236.908705;29
0.320449,0.947266;2351.170586,2043.203953;35
0.947266,0.320449;2415.000315,1411.690558;20
0.320449,0.947266;2338.607659,2082.919817;34
0.064359,0.997927;503.689501,2489.434779;39
0.751150,0.660132;2426.079695,1909.489750;30
0.554700,0.832050;2413.432226,1985.620285;17
0.320449,0.947266;2354.856169,2097.286471;41
0.554700,0.832050;2416.902077,1954.427899;30
0.751150,0.660132;2400.141414,1967.953467;34
0.064359,0.997927;505.806347,2474.435572;45
0.896410,0.443227;2422.904221,2022.505598;45
0.064359,0.997927;1252.613287,2283.122590;44
0.320449,0.947266;2388.863403,2065.679233;44
0.554700,0.832050;2399.532518,2049.144748;41
0.554700,0.832050;2399.392173,2021.006873;39
0.064359,0.997927;518.649930,2468.560034;51
0.896410,0.443227;2431.390225,1995.374899;49
0.707107,0.707107;1140.418482,2361.683341;8
0.554700,0.832050;2414.764223,2055.583507;49
0.554700,0.832050;2408.632715,2052.382731;52
0.980581,0.196116;2430.307548,1956.961255;49
0.064359,0.997927;840.234295,2380.915458;58
0.980581,0.196116;2431.784692,1979.545795;55
0.857493,0.514496;1128.599121,2082.715446;10
0.242536,0.970143;745.866908,2456.026285;13
0.064359,0.997927;2179.170159,2143.205159;57
0.000000,1.000000;499.722684,2498.854544;9
0.064359,0.997927;508.339289,2485.140322;60
0.064359,0.997927;509.103792,2474.473340;64
0.970143,0.242536;2402.153275,1052.358693;25
0.064359,0.997927;500.799463,2487.751567;15
0.064359,0.997927;1847.397640,2131.716679;43
0.997927,0.064359;2447.793865,1482.614897;37
0.064359,0.997927;503.415852,2489.837191;70
0.660132,0.751150;2445.103845,1728.387094;71
0.320449,0.947266;2328.037590,2131.829304;64
0.980581,0.196116;2434.849400,1954.550186;61
0.242536,0.970143;1337.023114,2324.103991;31
0.751150,0.660132;2429.834990,2000.750724;55
0.064359,0.997927;2001.664677,2182.138367;74
0.064359,0.997927;2383.674890,2081.079543;77
0.947266,0.320449;2446.080404,1611.710636;71
0.660132,0.751150;2433.592613,1805.922744;73
0.443227,0.896410;2435.289014,1817.789514;73
0.832050,0.554700;2430.320196,1645.611505;71
0.064359,0.997927;1327.120106,2253.901443;79
0.064359,0.997927;505.361123,2463.115654;78
0.970143,0.242536;2433.871865,1155.991498;68
0.997927,0.064359;2452.611344,1483.178779;71
0.896410,0.443227;2427.921170,1887.394368;43
0.751150,0.660132;2419.078006,1933.311351;43
0.514496,0.857493;2409.116427,1578.051676;86
0.064359,0.997927;502.986953,2488.726976;50
0.242536,0.970143;1372.753942,2344.558898;76
0.258819,0.965926;505.148517,2495.476501;8
0.485363,0.874313;1103.858928,2372.195143;13
0.320449,0.947266;2237.868957,2132.374981;50
0.064359,0.997927;504.587093,2469.124280;95
0.874313,0.485363;2434.042706,1415.724505;86
0.997927,0.064359;2449.457101,1520.700953;87
0.970143,0.242536;2441.556090,1210.294918;86
0.751150,0.660132;2427.548316,2036.120401;49
0.258819,0.965926;501.662067,2498.868813;9
0.064359,0.997927;2295.534486,2120.837734;100
0.242536,0.970143;1523.059561,2329.416862;92
0.000000,1.000000;501.471330,2495.404385;56
0.997927,0.064359;2448.943147,1439.844597;98
0.242536,0.970143;894.561811,2436.746780;63
0.242536,0.970143;1085.411156,2392.176134;94
0.242536,0.970143;1585.012950,2321.402754;103
0.965926,0.258819;2420.356794,898.885970;29
0.242536,0.970143;1171.533282,2388.397395;107
1.000000,0.000000;2417.965774,710.883089;29
0.485363,0.874313;1112.102345,2380.743500;63
0.896410,0.443227;2426.477996,1996.061569;55
0.500000,0.866025;2409.895271,1439.972190;109
0.242536,0.970143;1716.077021,2306.385426;108
0.242536,0.970143;1280.862378,2373.065478;110
0.242536,0.970143;960.719621,2428.264222;106
0.485363,0.874313;1135.245173,2383.105519;106
0.896410,0.443227;2432.625401,1994.940226;100
0.866025,0.500000;2431.198194,1212.364380;109
0.242536,0.970143;1332.340633,2365.981485;116
0.965926,0.258819;2433.203093,991.827644;109
0.485363,0.874313;1892.083016,2264.458870;115
0.242536,0.970143;1026.976108,2417.242397;117
0.896410,0.443227;2431.445828,2013.554209;119
1.000000,-0.000000;2432.397079,795.513007;122
0.965926,0.258819;2432.695707,1085.483688;122
0.242536,0.970143;1413.967519,2361.554211;121
0.857493,0.514496;1954.197579,2241.213264;115
0.242536,0.970143;1019.052290,2422.145843;124
0.980581,0.196116;2435.413509,1971.522129;119
0.242536,0.970143;1844.945327,2286.657934;123
0.965926,0.258819;2425.906788,1183.970970;127
0.485363,0.874313;1984.730828,2245.317264;123
1.000000,-0.000000;2439.143866,948.068291;127
0.997927,0.064359;2445.027858,1491.363999;105
0.320449,0.947266;2349.909316,2123.951163;74
0.064359,0.997927;2264.057881,2156.290210;137
1.000000,-0.000000;2441.572983,760.925047;126
0.554700,0.832050;2415.838378,2063.089075;100
0.947266,0.320449;2445.943583,1591.687123;87
0.751150,0.660132;2429.126319,2046.715141;77
0.751150,0.660132;2431.948324,2022.761738;119
132
8
9
54
13
63
106
117
130
124
107
110
116
121
128
103
108
115
132
123
134
78
138
74
137
45
79
51
140
142
119
82
73
80
98
87
8
8
54
54
10
13
13
63
63
60
60
106
106
117
117
18
130
130
112
107
118
56
110
110
116
116
121
121
92
92
128
128
103
103
108
108
115
115
132
132
123
123
129
129
134
134
78
78
64
64
138
95
74
74
137
137
79
79
140
142
77
77
89
43
82
82
73
73
83
80
141
21
98
98
87
87
105
97
20
38
99
120
133
86
27
127
68
25
24
122
135
109
28
126
139
29
111
