3369.337696,4778.373650
3347.766799,4754.567559
3430.678331,4744.114228
3475.444988,4697.849672
3456.650877,4685.469770
3514.205284,4614.517298
3521.698421,4652.085093
3518.809619,4628.701660
3520.771732,4664.181473
3459.438796,4703.202339
3453.662288,4648.012497
3399.732003,4646.917650
3447.656472,4712.004255
3442.286808,4621.188219
3489.989661,4681.584836
3431.088616,4682.337123
3353.589347,4764.632924
3407.693461,4713.660611
3451.240905,4669.363597
3430.530570,4678.666049
3480.499619,4674.794339
3448.279428,4572.152316
3491.743830,4567.289936
3490.526592,4606.841252
3437.597911,4667.729171
3468.756653,4639.756759
3460.261282,4448.728516
3474.846673,4600.261655
3520.751481,4537.326877
3477.574546,4610.343388
3473.959480,4519.507120
3488.523288,4618.460250
3459.143545,4562.173063
3424.208472,4527.655057
3496.873399,4441.404057
3537.009957,4572.470834
3554.923046,4486.831506
3531.781908,4504.931411
3497.302210,4353.624266
3560.806307,4494.161554
3515.492621,4567.913375
3609.212070,4491.858022
2786.522134,3239.469467
3533.609870,4493.829291
3513.397672,4326.149277
3480.533804,4314.664102
3486.811890,4427.126779
3481.554242,4444.133410
3475.359915,4279.252161
3498.579027,4356.579515
3475.990131,4436.186154
3498.136402,4407.551860
3481.842972,4429.429211
3468.609681,4481.516454
3500.672148,4500.138008
3538.924376,4459.556338
3547.773482,4472.527597
3504.328119,4030.804944
3525.139307,4542.281333
3519.512479,4395.808679
3477.244017,4403.648009
3484.225422,4249.771185
3447.951139,4495.769123
3449.713691,4329.160325
3493.903063,4410.631856
3499.564193,4395.490911
3475.800114,4457.128292
3427.841599,4240.859493
3448.252457,4247.730563
3498.592911,4383.872854
3472.552111,4322.849682
3496.574705,4454.504235
3483.121799,4450.657391
3485.506531,4323.326339
3443.221610,4333.067851
3432.440671,4339.491186
3459.080051,4339.683948
3494.669162,4533.855034
3511.710003,4247.450889
3479.702922,4191.309697
3235.142461,4747.591703
3281.878773,4708.916431
3141.546739,4740.009289
3271.755741,4798.746823
3154.776046,4710.245236
3108.335844,4769.508065
3118.191791,4728.942944
3089.229941,4696.320856
3126.880312,4814.188446
3029.226566,4821.955615
2861.785086,4789.417996
3153.505715,4942.809976
3033.050225,4700.572955
3159.183187,4865.496643
3024.347248,4901.053609
3036.214951,4909.187449
2991.284510,4873.079867
3042.063947,4913.729655
2953.422898,4937.820208
2922.369187,4963.332391
2922.071982,4973.164098
2894.266833,4879.519118
2835.720822,4965.103916
2986.749273,4957.959482
2959.803402,5012.293396
2883.055422,5011.858251
3036.252042,5029.507087
2993.310316,4989.907901
3053.930643,4969.743013
3062.281249,4948.536320
3112.667203,4923.331366
2975.067318,5029.169243
2910.356587,5040.575483
2889.182613,5056.343940
2943.481967,5082.834897
2949.077615,5042.466102
2892.248433,5091.018648
2868.710924,5173.199652
2698.004012,5107.154328
2825.017161,5066.410523
3531.521611,4584.945403
3550.317104,4523.322981
3490.448992,4474.537898
3555.363829,4597.320082
3531.774790,4405.011112
3519.722418,4426.499562
3531.120272,4437.042983
3587.166608,4376.816014
3584.424249,4480.351367
3528.883228,4417.461027
3536.533686,4420.496539
3519.745436,4403.114218
3563.300885,4377.762056
3537.069689,4491.399410
3551.159007,4365.127967
3540.178347,4302.140359
3520.576084,4471.340469
3555.674800,4381.194255
3596.711453,4239.378774
3610.039208,4296.962881
3534.344881,4172.825717
3556.245880,4174.506521
3579.951947,4317.365000
3594.111030,4203.188618
3587.270739,4326.975661
3581.137372,4128.880317
3589.022739,4173.852597
3625.069093,4187.438318
3574.203985,4291.333409
3603.529960,4291.869166
3507.349753,3877.612664
3585.796896,4224.326035
3542.148342,4177.197559
3522.708882,4085.667991
3590.127041,4290.053968
3634.229119,4267.025034
3551.801993,3996.798688
3545.633834,4237.504032
3569.213161,4199.722076
3568.704887,4188.605840
2754.294163,5166.244666
2734.441498,5220.899612
2680.124054,5172.159170
2695.027852,5340.860140
2734.971804,5278.513474
2671.154290,5178.452980
2697.198675,5254.595394
2780.574766,5344.258122
2736.001785,5252.040379
2707.756081,5322.107135
2662.507320,5291.650664
2587.404961,5302.148350
2636.861397,5260.647913
2659.848733,5317.788832
2603.101988,5317.790416
2640.581705,5313.402097
2610.267998,5344.419612
2664.050019,5335.598842
2732.135368,5245.183237
2681.465303,5242.594422
2760.709948,5300.603791
2719.599410,5293.342072
2736.570465,5342.710707
2696.510114,5344.965152
2731.745802,5268.991284
2696.890226,5320.116467
2712.156268,5331.744559
2743.665406,5235.209238
2712.699435,5180.602012
2676.152371,5249.470221
2668.596511,5301.889681
2732.166279,5262.308454
2652.698575,5317.841043
2695.350634,5297.649202
2688.130591,5269.191645
2750.605458,5300.159530
2694.484614,5296.018594
2703.388563,5300.820315
2678.636978,5257.318063
2740.877706,5279.692753
3522.879336,4525.048745
3471.833034,4573.099618
3492.228704,4531.318911
3479.424776,4508.345832
3469.986063,4583.512844
3426.746313,4582.043977
3425.464259,4627.456508
3400.378249,4708.997823
3434.137573,4651.558721
3419.051850,4609.201225
3411.785596,4604.293879
3380.648599,4647.065623
3323.828579,4730.810560
3324.808698,4704.580537
3297.119475,4557.353157
3320.629065,4636.893588
3319.315669,4776.803714
3293.381801,4674.795944
3274.433261,4726.168377
3284.963416,4672.836001
3288.610281,4712.903913
3124.811382,4556.525551
3253.634354,4841.534368
3148.475845,4803.796541
3162.305355,4781.539416
3222.173060,4911.432388
3121.564819,4862.163579
3127.623661,4809.145626
3166.562681,4879.452358
3152.662773,4965.984285
3058.309543,4886.233679
3058.187850,4982.958418
3029.476146,4895.177341
3075.802357,4971.766657
3007.600073,4890.915677
3118.627458,4927.799642
3076.864352,4878.442308
3085.591272,4943.295829
3159.427806,4837.556830
3076.118316,4939.820691
