2997.552562,5852.149019
2997.736402,5851.236739
2999.520573,5846.050819
3004.549222,5844.666265
3026.480436,5840.099736
3028.850937,5836.315094
3037.937414,5834.302411
3039.710103,5833.858667
3052.043227,5830.977941
3087.188202,5823.597511
3089.175133,5819.550715
3114.959558,5817.589772
3119.292667,5817.393439
3122.159183,5809.345882
3124.951816,5805.685141
3130.279576,5805.115096
3143.691025,5804.491076
3153.937308,5794.615397
3175.376262,5787.718699
3189.289112,5781.074481
3190.642438,5776.745819
3205.129774,5765.396747
3213.916629,5748.746330
3230.235559,5744.366632
3235.617192,5735.536001
3248.661287,5720.430352
3258.689853,5712.791585
3293.173450,5685.533733
3775.854631,5676.339703
3781.115004,5673.350190
3794.037793,5672.131595
3800.112854,5670.492882
3805.080315,5667.832935
3810.256524,5667.644594
3818.643845,5667.621845
3831.409725,5664.808379
3834.365417,5659.845560
3843.871886,5659.306359
3851.295546,5658.311894
3857.972149,5657.590915
3862.987483,5656.596239
3887.933614,5651.286412
3907.061829,5650.217781
3932.866049,5636.015580
3941.267556,5580.350901
3989.637138,5577.209304
3998.351085,5572.766742
4001.026930,5570.915549
4011.864343,5570.627811
4039.734995,5567.048326
4060.151263,5557.679618
4075.198563,5557.427330
4084.631794,5553.538720
4098.123845,5548.361672
4118.036359,5547.165328
4153.982442,5532.599059
4206.166458,5517.601735
4220.969828,5507.629631
4239.601510,5507.596334
4243.086265,5505.399809
4279.677549,5495.305671
4351.613876,5481.198166
4368.996045,5474.515616
4399.221316,5465.071351
4451.346217,5445.603443
4493.426404,5437.600314
4502.107425,5437.411408
4515.829721,5427.177198
4525.522607,5421.878701
4552.074215,5420.240551
4562.329114,5416.794663
4653.517495,5406.170116
4661.647914,5401.496231
4662.718331,5399.413094
4671.869411,5392.760911
4726.169643,5386.610725
4768.100423,5376.348323
4771.885756,5371.026799
4773.401906,5368.333359
4793.381546,5356.899909
4812.060043,5354.707899
4822.559413,5353.942195
4843.599331,5349.789054
4844.505584,5348.377009
4882.291506,5340.872807
4911.746514,5337.815029
4939.985356,5335.227478
4946.979325,5330.123350
4956.939571,5328.366229
5014.499091,5320.529071
5014.544721,5316.174475
5046.165331,5315.838732
5069.136380,5312.590492
5088.849571,5299.232882
5094.051586,5292.646811
5112.803563,5290.689964
5172.461137,5267.674022
5180.738716,5250.061817
5201.069215,5248.698309
5244.905462,5246.358653
5591.228036,5225.046714
5617.649507,5224.449383
5623.101888,5223.031243
5637.741129,5221.539084
5656.895359,5217.946298
5673.616172,5215.064682
5676.301327,5210.873437
5680.667588,5209.402670
5687.574656,5209.321646
5711.053657,5208.706646
5713.304519,5206.627195
5717.305250,5204.025771
5728.930194,5203.392952
5729.025349,5201.653956
5733.540133,5201.255836
5733.964336,5200.697971
5735.134277,5200.195282
5744.362380,5196.058424
5755.094747,5183.746889
5768.842660,5180.186304
5795.434054,5179.093233
5804.217164,5178.602582
5814.602636,5176.632980
5821.439696,5174.385063
5827.914256,5173.862404
5838.307972,5173.606055
5842.823472,5172.426411
5851.402014,5171.841781
5868.053263,5159.763519
5869.460986,5159.191914
5882.505242,5157.499136
5894.103013,5150.919514
5896.354519,5149.186603
5927.857845,5146.501728
5936.214104,5143.600666
5950.980905,5143.200667
5965.024277,5141.981209
5970.501065,5141.358910
5976.764280,5138.911496
5998.256794,5138.137824
6022.429816,5131.678638
6046.020854,5129.487128
6084.156745,5123.487033
6106.079699,5115.498111
6115.159050,5113.967240
6122.868268,5109.014267
6125.901086,5104.980579
6158.684103,5095.972999
6187.337565,5093.565627
6192.865407,5092.694908
6228.533492,5083.936188
6234.919050,5082.719549
6271.737641,5070.910543
6285.800957,5067.829227
6286.113966,5055.701999
6333.092932,5052.724969
6361.314548,5044.656779
6383.124331,5037.425148
6393.799653,5025.232622
6395.654782,4944.005546
6475.052063,4931.611272
6768.712714,4930.150502
6776.646139,4929.232741
6795.767034,4928.344940
6798.683281,4855.059429
6811.627086,4849.184663
6847.035765,4843.585103
6861.885415,4833.634726
6911.058212,4824.733650
6951.526527,4812.400118
7000.745182,4794.029558
7018.711711,4788.756816
7037.067169,4778.754417
7072.253087,4762.285189
7083.796494,4748.419350
7085.521462,4746.709309
7145.348508,4726.741210
7173.759845,4722.239617
7176.664133,4713.758678
7182.626955,4650.258824
7186.938872,4650.257448
7202.137348,4644.557037
7254.594338,4633.910051
7305.517636,4617.853004
7328.164282,4599.331332
7338.206258,4583.654147
7347.247125,4577.470311
7384.184834,4567.692441
7412.488657,4553.543970
7429.240907,4537.358149
7444.405964,4520.296847
7474.137920,4518.955764
7516.324471,4504.837364
7536.114920,4484.955857
7573.081865,4480.649135
7603.832659,4474.620087
7697.978103,4472.269026
7715.738983,4469.778752
7738.363909,4467.626973
7771.563502,4458.213673
7778.527199,4452.630731
7806.296315,4445.298699
7843.327750,4441.001102
7853.636202,4433.140368
7856.914056,4431.546639
7874.047065,4431.347529
7915.922981,4417.064357
7916.922341,4411.723981
7939.961117,4410.065782
7950.682903,4400.351301
7974.343937,4391.704234
8017.828596,4288.725959
8037.394515,4279.403952
8039.652128,4258.700845
8105.070749,4103.334372
8119.893826,4083.361204
8131.296328,4073.521610
8146.994488,4038.398688
8153.673866,4023.329308
8171.228775,4008.598143
8649.397546,3980.456747
8650.786220,3973.282919
8658.863812,3969.147525
8666.968453,3962.357400
8668.219023,3957.751616
8672.259039,3951.926242
8691.024934,3926.249817
8708.306655,3921.073888
8729.365854,3907.419382
8737.107748,3902.617723
8756.866078,3876.343687
8795.548366,3858.862464
8797.424590,3842.229786
8809.038645,3830.482447
8823.418340,3815.899260
8880.269418,3812.267456
8887.087864,3807.504522
8923.261359,3786.692940
8934.302882,3773.952045
8947.294320,3769.944502
8953.186310,3763.545690
8965.332836,3760.552936
8978.781067,3740.088303
8997.015029,3722.831233
9005.885265,3711.799617
9022.435188,3704.251005
9028.010882,3691.332937
9045.263313,3681.360966
9053.329055,3667.078429
9126.029195,3661.608806
9156.141651,3648.934531
9157.995902,3628.910863
9165.050411,3608.225003
9174.518643,3549.298950
9200.626243,3522.237385
9204.629566,3410.462051
9219.106861,3370.235264
9236.073155,3341.595306
9269.717536,3326.679340
9278.124725,3322.018778
9288.310567,3319.292665
9305.382624,3318.216253
9310.270241,3315.578603
9337.097860,3280.484808
9343.977118,3267.245860
9355.825279,3265.415684
9366.047883,3264.247562
9372.617056,3245.192697
9404.509050,3201.301225
