48
0.000000,1.000000;2.592282,58.072756;-1
0.242536,0.970143;-13.318532,67.045900;-1
0.554700,0.832050;45.183132,181.711359;-1
0.832050,0.554700;13.687451,105.718407;-1
0.970143,0.242536;55.731290,233.696601;-1
1.000000,0.000000;0.773852,79.373837;-1
0.000000,1.000000;504.796251,2295.485363;0
0.000000,1.000000;507.568618,2443.482980;6
0.000000,1.000000;508.942416,2472.623806;7
0.000000,1.000000;509.288435,2481.454402;8
0.242536,0.970143;554.786244,1369.300051;1
0.242536,0.970143;507.392355,2366.952672;10
0.242536,0.970143;503.650700,2463.535013;11
0.242536,0.970143;499.547223,2489.837100;12
0.554700,0.832050;269.333875,629.330677;2
0.554700,0.832050;428.604938,1015.020323;14
0.554700,0.832050;524.661924,2430.721620;15
0.554700,0.832050;532.980861,2454.777718;16
0.832050,0.554700;274.287195,635.850528;3
0.832050,0.554700;467.370329,2328.932161;18
0.832050,0.554700;1003.595733,2031.581826;19
0.832050,0.554700;1275.262530,2085.785589;20
0.970143,0.242536;345.292235,660.340820;4
0.970143,0.242536;551.331226,2097.683132;22
0.970143,0.242536;961.709729,1762.002063;23
0.970143,0.242536;1140.208335,1448.035679;24
1.000000,0.000000;303.326989,501.446255;5
1.000000,0.000000;565.466265,552.812616;26
1.000000,0.000000;1188.329595,1121.986126;27
1.000000,0.000000;1358.497966,924.587877;28
0.660132,0.751150;1394.551026,2110.609741;21
0.751150,0.660132;538.374516,2462.459267;17
0.832050,0.554700;1324.565572,2097.901823;21
0.196116,0.980581;1154.218492,2222.792082;21
0.242536,0.970143;497.666271,2489.074848;13
0.866025,0.500000;1516.716712,1242.403213;29
0.866025,0.500000;1641.913211,1520.062995;35
0.196116,0.980581;1109.132881,2263.117108;33
0.997927,0.064359;1517.287544,1999.497245;30
0.707107,0.707107;1448.671714,1442.660152;29
1.000000,-0.000000;1701.360630,992.276518;35
0.443227,0.896410;1245.437822,2221.778538;33
0.866025,0.500000;1769.043880,1359.186694;40
0.832050,0.554700;1509.383015,2033.555599;38
0.196116,0.980581;1141.368112,2264.288530;41
0.965926,0.258819;1815.697330,1413.093390;36
0.965926,0.258819;1802.676895,999.072498;40
0.832050,0.554700;1267.994083,2205.224851;37
52
13
9
31
44
33
41
47
30
43
38
36
45
13
13
31
31
23
23
10
15
18
44
37
33
33
24
41
41
47
21
21
32
30
30
43
38
38
25
39
27
28
36
36
35
35
45
42
29
29
40
40
46
