180
0.000000,1.000000;2.592282,58.072756;-1
0.242536,0.970143;-13.318532,67.045900;-1
0.554700,0.832050;45.183132,181.711359;-1
0.832050,0.554700;13.687451,105.718407;-1
0.970143,0.242536;55.731290,233.696601;-1
1.000000,0.000000;0.773852,79.373837;-1
0.000000,1.000000;504.796251,2295.485363;0
0.000000,1.000000;507.568618,2443.482980;6
0.000000,1.000000;508.942416,2472.623806;7
0.000000,1.000000;509.288435,2481.454402;8
0.242536,0.970143;554.786244,1369.300051;1
0.242536,0.970143;507.392355,2366.952672;10
0.242536,0.970143;503.650700,2463.535013;11
0.242536,0.970143;499.547223,2489.837100;12
0.554700,0.832050;269.333875,629.330677;2
0.554700,0.832050;428.604938,1015.020323;14
0.554700,0.832050;524.661924,2430.721620;15
0.554700,0.832050;532.980861,2454.777718;16
0.832050,0.554700;274.287195,635.850528;3
0.832050,0.554700;467.370329,2328.932161;18
0.832050,0.554700;1003.595733,2031.581826;19
0.832050,0.554700;1275.262530,2085.785589;20
0.970143,0.242536;345.292235,660.340820;4
0.970143,0.242536;551.331226,2097.683132;22
0.970143,0.242536;961.709729,1762.002063;23
0.970143,0.242536;1140.208335,1448.035679;24
1.000000,0.000000;303.326989,501.446255;5
1.000000,0.000000;565.466265,552.812616;26
1.000000,0.000000;1188.329595,1121.986126;27
1.000000,0.000000;1358.497966,924.587877;28
0.660132,0.751150;1394.551026,2110.609741;21
0.751150,0.660132;538.374516,2462.459267;17
0.832050,0.554700;1324.565572,2097.901823;21
0.196116,0.980581;1154.218492,2222.792082;21
0.242536,0.970143;497.666271,2489.074848;13
0.866025,0.500000;1516.716712,1242.403213;29
0.866025,0.500000;1641.913211,1520.062995;35
0.196116,0.980581;1109.132881,2263.117108;33
0.997927,0.064359;1517.287544,1999.497245;30
0.707107,0.707107;1448.671714,1442.660152;29
1.000000,-0.000000;1701.360630,992.276518;35
0.443227,0.896410;1245.437822,2221.778538;33
0.866025,0.500000;1769.043880,1359.186694;40
0.832050,0.554700;1509.383015,2033.555599;38
0.196116,0.980581;1141.368112,2264.288530;41
0.965926,0.258819;1815.697330,1413.093390;36
0.965926,0.258819;1802.676895,999.072498;40
0.832050,0.554700;1267.994083,2205.224851;37
0.500000,0.866025;1509.916778,2021.256329;45
0.965926,0.258819;1942.672028,1405.090763;45
0.196116,0.980581;1159.146906,2256.022688;44
0.866025,0.500000;1837.209024,1663.949753;45
1.000000,-0.000000;1990.764462,1147.993545;45
0.443227,0.896410;1370.682835,2165.669404;30
1.000000,-0.000000;2036.863873,1243.193852;49
0.258819,0.965926;1486.788934,2078.224675;51
0.866025,0.500000;1822.278687,1770.273817;51
0.866025,0.500000;2012.498372,1372.658443;52
0.866025,0.500000;1915.580273,1638.338053;49
1.000000,-0.000000;2068.210890,1052.196235;52
1.000000,-0.000000;2007.169429,1520.410910;56
0.965926,0.258819;1999.859636,1573.824535;56
0.707107,0.707107;1837.922480,1924.242749;56
0.258819,0.965926;1503.048713,2119.184892;56
0.485363,0.874313;509.201649,2381.481953;10
0.866025,0.500000;1907.317820,1822.101352;56
0.965926,0.258819;2159.656656,1150.985536;59
0.500000,0.866025;1669.205401,2092.510953;62
1.000000,-0.000000;2014.641742,1621.532121;65
0.707107,0.707107;1864.011257,1961.616236;62
0.866025,0.500000;1950.373681,1845.468035;65
0.707107,0.707107;1877.827380,1928.756749;65
0.000000,1.000000;1512.980889,2128.636260;69
0.965926,0.258819;2172.768950,1227.797908;66
0.866025,0.500000;2135.645497,1337.562248;66
0.000000,1.000000;1444.849030,2123.181379;62
0.707107,0.707107;1782.797266,2032.572279;67
0.965926,0.258819;2032.764798,1680.062544;68
1.000000,-0.000000;2251.236900,1123.060731;73
0.500000,0.866025;1715.066012,2082.891226;76
0.500000,0.866025;1981.893442,1750.259992;73
0.000000,1.000000;1426.933823,2157.054471;67
1.000000,-0.000000;2244.368054,1152.148149;74
0.695113,0.718900;514.771543,2363.897705;10
1.000000,-0.000000;2286.542565,1068.733145;78
0.707107,0.707107;2118.477300,1595.801268;82
0.485363,0.874313;498.861932,2491.340380;13
0.866025,0.500000;1972.124185,1877.272233;70
0.500000,0.866025;1617.929502,2121.542945;81
0.866025,0.500000;2196.267828,1391.126325;82
0.000000,1.000000;1378.878770,2163.440272;81
0.196116,0.980581;1282.104482,2213.650658;53
1.000000,-0.000000;2305.541718,1060.841141;84
0.866025,0.500000;2123.926071,1665.024618;85
0.258819,0.965926;1901.272513,1825.107175;89
0.965926,0.258819;2197.889690,1403.294185;89
1.000000,-0.000000;2324.479629,1017.599467;92
0.707107,0.707107;2095.866899,1773.927065;93
0.707107,0.707107;1928.147156,1932.716481;87
1.000000,-0.000000;2280.935170,1224.441506;95
0.242536,0.970143;498.673359,2492.218084;86
0.443227,0.896410;1354.949936,2183.385203;91
1.000000,-0.000000;2264.749624,1171.196129;99
0.000000,1.000000;1745.318120,1901.894080;85
0.707107,0.707107;2054.843172,1867.269890;97
0.965926,0.258819;2159.120859,1681.081408;97
0.000000,1.000000;1666.158980,1986.077129;97
0.242536,0.970143;499.851112,2416.092591;100
0.965926,0.258819;2305.499997,1127.898138;96
0.965926,0.258819;2185.013665,1608.568556;105
0.196116,0.980581;1152.738483,2262.943544;50
0.707107,0.707107;2028.821736,1909.725142;104
1.000000,-0.000000;2206.672831,1565.683613;105
0.707107,0.707107;1884.119136,1969.901186;98
1.000000,-0.000000;2346.430244,958.925172;96
0.965926,0.258819;2198.048313,1596.759883;112
0.500000,0.866025;1830.995327,2015.309490;113
0.707107,0.707107;2038.215800,1922.252657;111
1.000000,-0.000000;1881.140524,1942.503745;76
0.258819,0.965926;1491.369753,2175.868898;88
1.000000,-0.000000;2349.533063,981.576444;114
1.000000,-0.000000;2038.027775,1913.910815;117
0.965926,0.258819;2299.135632,1199.837995;108
0.866025,0.500000;2239.521886,1380.218670;99
0.500000,0.866025;1945.600690,1965.954203;117
1.000000,-0.000000;2336.679377,1051.652383;108
1.000000,-0.000000;2357.061481,952.976375;120
0.443227,0.896410;1234.489554,2230.373695;110
1.000000,-0.000000;2267.118202,1345.697744;123
0.000000,1.000000;1510.661966,2137.577036;76
0.707107,0.707107;1841.020024,2017.535885;116
0.196116,0.980581;1181.182018,2259.516228;110
1.000000,-0.000000;2370.199083,910.062517;126
0.866025,0.500000;2232.178028,1405.293978;128
0.554700,0.832050;538.402157,2466.548725;31
0.707107,0.707107;2022.106888,1950.528328;124
0.707107,0.707107;2139.195911,1750.273121;115
0.707107,0.707107;2118.991501,1806.614062;105
1.000000,-0.000000;2379.866073,906.788919;132
0.866025,0.500000;2158.057834,1772.307010;136
0.500000,0.866025;1912.206085,2004.755584;135
0.866025,0.500000;2297.025723,1167.893815;132
0.980581,0.196116;604.712626,2419.360702;134
0.258819,0.965926;1469.772753,2194.704984;119
1.000000,-0.000000;2382.714237,882.890226;138
0.980581,0.196116;762.243107,2290.694318;142
1.000000,-0.000000;2219.266139,1638.878745;139
0.500000,0.866025;1554.503041,2170.201292;143
0.866025,0.500000;2149.636746,1789.578666;139
0.500000,0.866025;1886.150262,2020.962877;140
1.000000,-0.000000;2257.358114,1553.753931;146
1.000000,-0.000000;2396.806433,852.757646;144
0.000000,1.000000;1460.438209,2187.555519;147
0.500000,0.866025;1866.991006,2035.115314;149
0.258819,0.965926;1701.314570,2076.633050;149
0.707107,0.707107;2112.491956,1837.654503;139
0.965926,0.258819;1702.855358,2097.063978;147
1.000000,-0.000000;2391.870975,861.102985;151
0.000000,1.000000;1405.148261,2182.027312;143
0.500000,0.866025;1646.707802,2116.459985;88
0.751150,0.660132;766.940060,2312.280324;145
0.965926,0.258819;2362.073704,1012.922863;138
0.965926,0.258819;2361.059377,1081.930586;161
1.000000,-0.000000;2261.933790,1555.594064;150
0.500000,0.866025;1678.205307,2109.544220;156
0.443227,0.896410;1245.677541,2234.322215;131
0.866025,0.500000;2005.028815,1963.657740;140
0.751150,0.660132;759.839289,2334.653378;160
0.965926,0.258819;2349.197540,1144.594694;162
1.000000,-0.000000;2386.807857,994.595857;162
0.196116,0.980581;1181.552731,2256.909284;165
0.064359,0.997927;582.190738,2426.704824;167
0.866025,0.500000;2287.604416,1284.849218;162
1.000000,-0.000000;2271.425717,1496.305200;163
0.554700,0.832050;689.147626,2376.408195;167
0.965926,0.258819;2345.990622,1179.960177;168
0.866025,0.500000;2287.532587,1312.942627;168
1.000000,-0.000000;2393.555044,953.321232;169
1.000000,-0.000000;2287.328013,1447.190233;173
0.707107,0.707107;2117.969773,1842.877580;148
163
100
86
134
171
142
174
167
160
44
110
131
170
165
91
143
119
147
88
159
164
156
79
153
149
140
124
166
135
117
104
179
137
148
139
105
146
163
173
178
176
172
122
175
168
162
161
169
177
151
100
100
134
134
171
171
142
142
23
23
174
167
167
10
15
18
110
110
131
131
24
165
165
91
91
21
21
101
101
158
90
143
143
119
119
147
147
43
43
88
88
164
164
156
156
106
76
76
116
116
149
149
140
140
124
124
166
166
135
135
36
36
104
104
179
155
148
148
139
139
105
105
85
85
146
146
115
115
163
163
173
173
95
95
178
133
128
128
176
52
172
172
99
99
122
122
175
141
168
168
162
162
125
125
169
169
177
126
138
138
144
144
151
151
