150
0.000000,1.000000;92.248754,-47.787199;-1
0.242536,0.970143;78.166468,-36.396466;-1
0.554700,0.832050;51.622195,-30.706283;-1
0.832050,0.554700;87.821443,-43.440879;-1
0.970143,0.242536;64.019361,-35.052565;-1
1.000000,0.000000;55.729676,-30.682038;-1
0.000000,1.000000;43.966568,33.321440;0
0.000000,1.000000;47.961860,85.515425;6
0.000000,1.000000;358.501054,537.487935;7
0.000000,1.000000;490.554268,791.536592;8
0.000000,1.000000;607.247236,1033.030480;9
0.242536,0.970143;39.971765,22.782317;1
0.242536,0.970143;329.143859,456.463824;11
0.242536,0.970143;347.757692,636.313226;12
0.242536,0.970143;1488.829402,2555.717051;13
0.242536,0.970143;2966.656666,5624.961352;14
0.554700,0.832050;60.929034,44.190871;2
0.554700,0.832050;237.212735,223.531074;16
0.554700,0.832050;561.415850,560.850665;17
0.554700,0.832050;992.017882,868.808080;18
0.554700,0.832050;3380.369761,3400.301465;19
0.832050,0.554700;289.068567,-49.592016;3
0.832050,0.554700;425.020537,-96.901487;21
0.832050,0.554700;642.574734,-189.703508;22
0.832050,0.554700;832.721028,-258.693296;23
0.832050,0.554700;1391.351580,-444.748405;24
0.970143,0.242536;249.736649,-95.255416;4
0.970143,0.242536;368.416200,-185.422078;26
0.970143,0.242536;503.580220,-282.992717;27
0.970143,0.242536;763.221113,-399.939788;28
0.970143,0.242536;831.549307,-470.750062;29
1.000000,0.000000;329.027019,-140.401534;5
1.000000,0.000000;435.988221,-227.134820;31
1.000000,0.000000;537.527865,-316.245053;32
1.000000,0.000000;779.200527,-478.500608;33
1.000000,0.000000;1555.160382,-999.581515;34
0.242536,0.970143;2985.468949,5823.017596;15
0.896410,0.443227;4761.575817,3604.063095;20
0.857493,0.514496;3248.661287,5720.430352;15
0.695113,0.718900;3085.031291,5818.676121;15
0.485363,0.874313;3011.476491,5816.662731;15
0.980581,0.196116;4548.180025,3581.793200;20
0.896410,0.443227;5222.864796,3987.280835;37
0.999859,0.016820;3974.314086,4583.183576;38
0.242536,0.970143;2993.041096,5850.689270;36
0.064359,0.997927;3598.208652,5251.851956;20
0.554700,0.832050;4706.605399,4792.424043;37
0.320449,0.947266;4229.583325,5203.815771;37
0.980581,0.196116;6101.210960,3486.241969;42
0.751150,0.660132;5520.419199,4814.753630;46
0.242536,0.970143;2994.299861,5806.897475;44
0.320449,0.947266;4223.659810,5503.991452;46
0.554700,0.832050;4689.273550,5288.978435;46
0.961436,0.275029;3555.852628,5319.783829;39
0.064359,0.997927;3750.633700,5663.532598;51
0.751150,0.660132;6532.092731,4007.210938;48
0.980581,0.196116;6602.382205,3030.782863;48
0.554700,0.832050;5535.112298,5057.361648;49
0.554700,0.832050;4613.620094,5389.007073;51
0.554700,0.832050;6044.986270,4471.224414;48
0.896410,0.443227;7044.718490,3735.753725;55
0.064359,0.997927;2619.729754,3902.960153;52
0.751150,0.660132;6799.356204,4420.476983;59
0.064359,0.997927;4498.392802,5435.174582;57
0.980581,0.196116;6404.619443,4436.542470;57
0.980581,0.196116;7163.890134,3507.775939;55
0.980581,0.196116;7496.447095,3373.998814;60
0.064359,0.997927;5854.808733,4955.168030;62
0.485363,0.874313;2991.868727,5742.213378;44
0.554700,0.832050;5864.616537,4973.356504;57
0.896410,0.443227;7199.428926,3706.606092;65
0.320449,0.947266;5180.738716,5250.061817;57
0.980581,0.196116;7724.436532,3043.306342;66
0.554700,0.832050;6990.631384,4291.297918;66
0.064359,0.997927;4648.473822,5395.229363;71
0.320449,0.947266;6541.948033,4803.034810;62
0.320449,0.947266;6058.944606,4803.458155;60
0.064359,0.997927;4744.520318,5339.661470;69
0.980581,0.196116;7894.773981,2891.022675;72
0.320449,0.947266;6598.156216,4875.245259;75
0.554700,0.832050;7186.938872,4650.257448;75
0.064359,0.997927;5874.349695,5064.039461;75
0.320449,0.947266;6665.809975,4672.637608;73
0.320449,0.947266;3355.644173,4737.796216;54
0.980581,0.196116;8112.022930,2800.676474;78
0.751150,0.660132;7784.559575,4382.513384;80
0.064359,0.997927;6346.354649,4937.683983;80
0.751150,0.660132;7783.725346,3673.710623;78
0.320449,0.947266;7018.711711,4788.756816;80
0.896410,0.443227;8073.134536,3283.497089;78
0.980581,0.196116;8256.556798,2697.397269;84
0.554700,0.832050;7939.961117,4410.065782;85
0.980581,0.196116;8331.623171,3057.679113;89
0.064359,0.997927;5370.814640,4159.211917;88
0.064359,0.997927;6244.301778,5029.126921;86
0.751150,0.660132;6717.241018,3584.885413;85
0.896410,0.443227;8503.271591,3050.658548;92
0.980581,0.196116;8542.982997,2820.608487;92
0.064359,0.997927;5826.465103,5122.929634;94
0.751150,0.660132;8265.070227,3511.889767;92
0.064359,0.997927;5365.292834,4270.718738;79
0.064359,0.997927;4932.023717,4322.273005;81
0.896410,0.443227;8736.884034,2890.945136;97
0.751150,0.660132;8624.152367,3129.926491;97
0.980581,0.196116;8750.556983,2699.813159;97
0.961436,0.275029;3506.085688,5290.028854;40
0.980581,0.196116;8752.027945,3021.199294;99
0.857493,0.514496;3153.937308,5794.615397;44
0.980581,0.196116;8912.575333,3008.622092;106
0.751150,0.660132;8743.176521,3445.895851;103
0.751150,0.660132;8687.284518,3478.434251;106
0.896410,0.443227;8816.591335,3100.304133;106
0.554700,0.832050;8384.164634,3792.791299;106
0.751150,0.660132;8649.715542,3460.422729;102
0.980581,0.196116;8896.909778,3280.538488;110
0.896410,0.443227;9049.457675,3295.663317;109
0.320449,0.947266;6795.767034,4928.344940;86
0.064359,0.997927;6718.244420,4832.385853;85
0.320449,0.947266;6383.124331,5037.425148;98
0.320449,0.947266;6343.704707,5006.140426;81
0.980581,0.196116;9267.158344,3097.476164;115
0.320449,0.947266;8105.070749,4103.334372;110
0.751150,0.660132;9065.258837,3525.641093;115
0.064359,0.997927;5726.105285,5104.500633;67
0.751150,0.660132;8754.027425,3605.083457;110
0.064359,0.997927;5823.353665,5170.978118;118
0.980581,0.196116;9276.176570,3036.315418;120
0.554700,0.832050;8917.672266,3642.250153;120
0.896410,0.443227;9296.151417,3297.070096;122
0.064359,0.997927;5705.821497,5203.014602;125
0.896410,0.443227;8070.792130,2731.763387;120
0.751150,0.660132;9182.208034,3507.433661;122
0.980581,0.196116;9404.509050,3201.301225;128
0.554700,0.832050;8880.269418,3812.267456;131
0.320449,0.947266;8580.680127,3962.472169;127
0.320449,0.947266;8644.937159,3974.070274;131
0.751150,0.660132;9156.141651,3648.934531;131
0.064359,0.997927;5591.228036,5225.046714;129
0.980581,0.196116;9460.706338,3164.850756;132
0.554700,0.832050;8792.877886,3969.287994;135
0.320449,0.947266;8454.368093,4152.209510;135
0.896410,0.443227;9254.297913,3546.451833;136
0.554700,0.832050;8959.145627,3847.669665;136
0.554700,0.832050;8898.346698,3883.815243;133
0.980581,0.196116;9329.003949,3445.252601;141
0.320449,0.947266;8388.466231,4271.894298;140
0.064359,0.997927;8332.519106,4170.095449;136
0.064359,0.997927;8250.788637,4232.025596;143
0.896410,0.443227;9299.554219,3523.331077;141
0.320449,0.947266;5969.091617,5173.593854;129
76
44
40
107
39
38
7
14
10
9
54
53
45
83
12
51
47
63
74
58
77
52
71
46
18
17
129
137
125
123
149
98
69
67
94
118
119
93
42
79
75
116
117
88
82
80
62
73
55
48
91
85
60
95
147
70
140
145
87
65
135
134
143
139
142
133
136
127
148
141
144
115
128
111
138
132
104
