8351.893481,3046.864077
8345.709833,3055.785251
8356.199961,3063.310947
8345.179199,3058.527486
8358.018305,3064.445930
8371.099781,3061.181492
8375.821076,3058.018912
8383.609171,3045.766379
8393.636816,3060.359699
8392.243202,3053.066819
8367.157185,3076.636642
8362.309055,3076.572952
8363.364259,3055.638236
8330.595942,3104.641689
8371.200289,3090.551657
8391.369589,3064.757642
7115.545941,2626.463728
8362.474530,3067.045140
8323.312070,3115.805657
8319.564416,3107.683245
8307.832873,3124.936787
8330.036915,3110.357701
8325.639093,3114.526936
8362.955658,3079.457459
8339.223886,3078.336157
8378.641496,3058.156108
8397.429749,3061.164149
8418.855759,3051.090466
8426.959770,3045.996324
8452.865261,3048.675390
8455.937580,3045.358930
8469.937209,3034.758843
8485.336536,3014.630345
8471.613406,3034.364195
8508.739850,3006.575060
8494.869942,3013.629155
8513.071481,3025.749835
8519.747463,3032.516735
8542.471798,3015.114952
8503.271591,3050.658548
8365.526813,3039.242786
8401.784161,2991.847640
8435.992284,2916.121934
8419.047644,2937.990437
8436.169227,2933.872697
8396.612738,2962.157453
8412.804149,2938.800007
8420.540703,2922.965311
8410.583736,2932.523406
8444.399011,2910.412588
8500.026638,2856.573033
8462.499144,2865.519231
8514.144153,2848.907877
8526.698355,2836.714470
8520.774870,2822.579923
4534.839046,1580.493586
7170.374633,2435.701803
5821.879702,1966.217181
7183.220566,2418.928467
8544.558277,2826.597179
8506.027797,2861.159785
8481.648227,2868.861904
8517.728472,2868.972411
8512.459021,2861.374011
8536.758491,2867.712161
8568.565124,2832.540432
8573.775391,2805.658237
8580.613376,2773.009185
8533.640379,2828.676692
8534.362718,2833.495869
8525.023528,2812.227423
8534.754981,2802.615506
8513.305746,2834.135930
8519.839468,2872.184586
8506.755879,2861.791671
8524.746216,2856.505117
8563.246119,2811.761162
8558.234706,2820.201718
8535.590906,2831.464120
8542.982997,2820.608487
6206.220040,5037.793858
6187.625880,5039.856551
6181.953056,5041.521047
6179.297539,5044.835224
6181.418854,5042.562698
6187.381236,5041.622768
6161.712758,5049.448150
6156.585211,5058.736920
6095.913940,5068.571179
6066.613914,5083.190050
6050.879198,5091.898857
6045.001580,5093.288502
6036.126092,5094.255221
6046.244233,5089.324041
6027.496979,5092.519659
5992.510207,5102.358129
6000.451885,5101.589744
6016.474534,5092.057393
5996.720884,5109.010225
5989.451259,5111.250726
6022.612195,5105.268961
6064.576810,5099.704012
6070.378265,5099.939346
6066.790518,5102.857201
6057.369645,5108.287971
6030.439683,5111.624544
5978.463431,5117.702975
5041.274609,4312.357457
5913.757588,5119.277181
5872.053081,5124.403873
5821.913983,5133.531136
5843.171534,5135.335656
5836.710067,5128.229897
5861.445903,5133.798285
5839.847794,5137.926247
5859.002428,5126.444661
5839.321203,5132.869287
5856.744203,5120.781225
5829.248250,5118.177558
5826.465103,5122.929634
8323.157972,3086.210054
7014.243970,2624.450335
7033.540820,2616.316247
8335.217287,3105.398323
8325.129709,3097.651787
8349.010321,3102.814227
8355.738302,3106.667746
8366.789468,3105.277411
8337.781245,3131.290565
8352.413157,3164.414176
8357.394422,3159.335566
7118.182350,2700.691448
8406.745185,3137.724838
8386.588777,3159.450684
7064.167371,2686.237354
8380.690181,3172.933720
8386.203658,3173.025963
8368.441235,3215.951762
8342.758362,3246.424015
8300.215826,3270.171157
8280.087509,3298.408775
8254.829393,3325.343315
8279.866378,3327.710364
8279.014734,3340.131819
8269.774514,3367.867267
8279.467370,3380.822054
8262.852598,3402.207676
8239.508238,3430.534034
8221.832797,3441.518165
8233.808834,3457.864076
8238.630121,3452.214404
8235.064788,3457.050494
8251.836186,3458.375409
8265.953182,3453.493478
8262.529339,3474.463017
8259.345920,3470.967604
8250.357998,3494.898015
8235.850331,3503.977927
8272.548979,3496.392794
8265.070227,3511.889767
6514.820571,4899.029129
6530.954081,4893.800409
6508.511865,4903.917180
6493.397661,4906.714578
6472.134166,4912.388052
6455.044415,4916.448222
6402.152305,4925.809339
6359.778744,4940.332175
6343.271245,4948.166178
6321.658624,4954.148092
6304.061817,4962.399196
6300.634442,4966.310654
6280.422980,4971.897012
6308.978121,4971.872697
6288.498627,4977.941652
6287.575652,4981.873451
6274.054497,4981.379196
6283.737807,4964.433021
6299.541501,4975.565161
6303.070855,4979.012927
6296.459026,4976.967957
6247.592296,4988.414549
6262.133118,4982.723309
5282.458206,4219.924989
6246.231208,4987.525335
6276.020305,4984.107653
6273.091868,4989.704700
6272.989229,4995.437655
6284.661727,4992.468473
6290.909324,4992.481686
6260.062023,5000.321919
6269.566666,4995.435276
5293.465482,4240.126908
5342.530266,4273.956877
6248.228347,5002.168180
6261.163200,5006.632402
6263.293138,5009.413077
6287.261519,5001.059645
5318.479685,4236.862384
5365.292834,4270.718738
5863.693646,5073.204631
5851.458880,5078.320301
5863.700399,5079.766974
5841.276961,5094.314626
5839.566271,5095.325774
5847.311652,5101.891930
5828.307075,5101.807713
5826.492830,5106.763069
5826.636691,5110.910212
5827.521695,5114.756878
5860.918735,5105.030125
5870.115668,5099.328587
5856.216534,5106.813540
5868.749752,5102.615810
5864.651607,5103.989077
5878.174877,5103.447613
5858.962457,5104.634746
5843.612550,5116.530361
5841.064012,5114.647155
5845.585371,5116.330123
5862.605463,5111.131061
5865.710497,5109.203229
5856.724252,5111.080879
5821.008295,5127.801535
5815.241811,5134.572553
5840.501101,5118.865571
5851.843069,5123.652189
5844.900756,5125.282794
5828.906940,5130.294271
5827.554446,5135.413222
5826.986549,5139.225452
5861.513928,5132.532872
5864.038289,5131.052812
5870.905695,5128.018968
5856.359924,5129.874942
4997.153636,4390.915109
5870.605679,5122.286321
5871.130591,5117.099765
5863.628856,5111.669407
4932.023717,4322.273005
