9471.976769,3362.233387
9485.106913,3352.756695
9486.631136,3376.048839
9492.878133,3352.565918
9478.540749,3354.957174
9490.971562,3334.614484
9484.774495,3358.405650
9510.137329,3337.737864
9508.463030,3326.694775
9498.285962,3359.588696
9503.506410,3344.419654
9490.260442,3366.989643
9503.708206,3348.137232
9512.514581,3340.093490
9486.413344,3375.174748
9500.300108,3374.916557
9474.632530,3361.765569
9490.052137,3352.378115
9486.714867,3362.513404
9516.523547,3331.083976
9532.128850,3316.102018
9528.483013,3316.897775
9520.593717,3324.667485
9520.301578,3331.297650
9518.159056,3338.424006
9513.969736,3338.491781
9524.266539,3302.572959
9533.836788,3285.833935
9555.311067,3291.523188
9560.415280,3287.628904
9547.271231,3264.319656
9551.457654,3288.257783
9569.965735,3271.156637
9585.833308,3268.939933
9585.116039,3259.663579
9582.893470,3262.644263
9601.839235,3249.524784
9584.669264,3253.343962
9591.822233,3257.530726
9593.071863,3263.249118
8321.637355,4428.745844
8301.633690,4441.685711
8274.849347,4445.530956
8269.430274,4448.332998
8251.724174,4453.248974
8227.140376,4455.403484
8204.286698,4462.850516
8196.911389,4461.365634
8193.964146,4460.408764
8186.610633,4466.884917
8197.804620,4462.625199
8184.364117,4460.446378
8160.434910,4463.907349
8149.175284,4465.090693
8129.925948,4474.294670
8140.655801,4470.553542
8113.858082,4475.486018
8094.050669,4480.447800
8080.474124,4482.990992
8080.790718,4489.025491
8081.182233,4487.947278
8048.066918,4496.248553
8040.459504,4499.263367
8046.457480,4502.805842
8033.073919,4503.585859
8037.624740,4505.079908
8031.761858,4507.773588
8009.086802,4510.750560
8013.901765,4512.673377
7998.702578,4516.344365
8000.177916,4511.572383
7996.944471,4516.632018
8000.069021,4515.717559
7978.590481,4522.831534
7995.071856,4519.576682
7991.646839,4520.221210
8006.016750,4519.648262
7997.003330,4524.469346
7989.359813,4529.764872
7994.811370,4530.036362
8353.905285,4423.680592
8338.886019,4431.030016
8352.707028,4424.626997
8368.615683,4425.565376
8368.843041,4424.477516
8364.216475,4431.317673
8379.314433,4429.691276
8371.926525,4427.790774
8371.615112,4423.246923
8372.685050,4421.974293
8377.543370,4425.675303
7236.164178,3850.455284
8375.770412,4427.654477
8369.061232,4428.178126
8386.773708,4423.773587
8389.965670,4429.096247
8380.031336,4431.849867
8376.545461,4426.341877
8356.235690,4434.643486
8362.209534,4436.053422
8346.814373,4436.408699
8347.822136,4434.879791
8342.598008,4440.991292
8355.102816,4439.569893
8353.392819,4438.901532
8339.797664,4442.863826
8327.748667,4449.059821
8323.601607,4448.556143
8338.119424,4445.939400
8338.041171,4445.032100
8308.008866,4453.487394
8325.562863,4449.213427
8345.913493,4446.355360
8334.994312,4446.922060
8338.594417,4452.388052
8337.706427,4455.297696
8343.955059,4448.568764
8346.368609,4454.646336
8351.113682,4450.826518
8346.466345,4448.433906
8025.156004,4432.668909
8029.345262,4438.419254
8029.133578,4437.995650
8028.550033,4443.879246
8021.829251,4447.022488
8017.761204,4449.276174
8025.997330,4449.428571
8026.546638,4446.629935
8042.171536,4447.228186
8050.912129,4447.118237
8027.191480,4449.675490
8009.093253,4456.053736
7978.707691,4463.246880
7986.234736,4457.322375
7970.672234,4466.208791
7962.790245,4469.907115
7936.165591,4473.125402
7923.689619,4478.112100
7939.818691,4479.360490
7938.930316,4480.967811
7942.760433,4483.718964
7933.006146,4489.013346
7933.097429,4489.625186
7921.629523,4494.121049
7914.363157,4494.421048
7924.044889,4496.927817
7912.925532,4499.364388
7895.026657,4504.267729
7886.477092,4506.053995
7889.811156,4509.462854
7884.492685,4509.168140
7877.629158,4512.658300
7884.831878,4513.746857
7859.245265,4520.332419
7872.519886,4516.960821
7875.376442,4519.219071
7872.245896,4517.648181
7869.274433,4519.753859
7854.265167,4521.488640
7851.256052,4524.079403
9464.648279,3379.001546
9466.561455,3391.179976
9452.080585,3398.535485
9432.662958,3421.487235
9415.863380,3440.331084
9434.484994,3419.909943
9427.767643,3432.743026
9410.874835,3461.767366
9411.206035,3452.536512
9398.232704,3487.279760
9400.083960,3486.926563
9390.221033,3492.699279
9388.918779,3491.096223
9398.130071,3486.980253
9397.066699,3487.008976
9403.915882,3492.425848
9401.913755,3483.542640
9397.766290,3492.101114
9391.152771,3499.273516
9379.020063,3507.197616
9367.786712,3524.926732
9359.770618,3527.391122
9367.769298,3523.843123
9362.326135,3533.443334
9353.155702,3549.185496
9339.429405,3564.041126
9334.112328,3577.196887
9327.646683,3578.203297
9326.763501,3580.716573
9324.501844,3591.115251
9323.543458,3581.255248
9321.147467,3586.083921
9320.685501,3599.379746
9316.050768,3600.895535
9317.965505,3603.869516
9327.983433,3599.683835
9325.954397,3604.217433
9327.405392,3601.618310
9336.890126,3598.130262
9336.257413,3595.958025
8601.746137,4151.455989
8593.068615,4147.006104
8596.877005,4155.761749
8605.809704,4161.110453
8593.848790,4158.839035
8591.325434,4170.029498
8601.729187,4160.363409
8589.961468,4166.042869
8586.579566,4169.911876
8588.685230,4170.287182
8602.938882,4170.696847
8595.331218,4173.694627
8591.158896,4177.670357
8596.957541,4176.864393
8580.283820,4183.360932
8571.981388,4182.709187
8578.134645,4181.570880
8586.966156,4186.737903
8592.463596,4187.557917
8599.080785,4186.030588
8597.017286,4187.614339
8578.668075,4200.679461
8601.991454,4193.887390
8598.548124,4195.261846
8595.272493,4205.765260
8597.338004,4197.806171
8580.215501,4200.447315
8589.780904,4200.337324
8589.139518,4206.366653
8578.651912,4198.550612
8579.567294,4208.981104
8568.950862,4213.254469
8567.377974,4214.858695
8558.876511,4222.478280
8555.075958,4223.755965
8544.757992,4231.350125
8550.946320,4229.859203
8551.133649,4234.080052
8547.544243,4236.011848
8552.499806,4236.468880
