102
0.000000,1.000000;-223.835713,-206.795445;-1
0.242536,0.970143;-212.060454,-220.518853;-1
0.554700,0.832050;-50.173263,102.940863;-1
0.832050,0.554700;-35.106470,-27.252669;-1
0.970143,0.242536;-180.608064,-150.730547;-1
1.000000,0.000000;-161.319584,-159.478065;-1
0.000000,1.000000;123.171670,336.504936;0
0.000000,1.000000;251.818896,623.548866;6
0.000000,1.000000;285.685178,953.439560;7
0.000000,1.000000;366.606299,658.460396;8
0.000000,1.000000;371.436225,1718.254734;9
0.242536,0.970143;363.485517,392.240484;1
0.242536,0.970143;498.140433,677.209315;11
0.242536,0.970143;490.634475,1014.190011;12
0.242536,0.970143;506.113854,1243.180673;13
0.242536,0.970143;586.507909,1406.578056;14
0.554700,0.832050;362.137982,433.552706;2
0.554700,0.832050;526.745260,633.516122;16
0.554700,0.832050;775.550755,917.212661;17
0.554700,0.832050;807.249600,1059.378802;18
0.554700,0.832050;1052.315079,1170.764260;19
0.832050,0.554700;331.527821,288.851017;3
0.832050,0.554700;563.129139,579.717318;21
0.832050,0.554700;764.920017,683.972627;22
0.832050,0.554700;1129.844174,1004.272010;23
0.832050,0.554700;1286.955915,1365.596094;24
0.970143,0.242536;375.250861,353.935468;4
0.970143,0.242536;606.297212,432.763222;26
0.970143,0.242536;1071.734701,472.146406;27
0.970143,0.242536;1314.930932,485.920357;28
0.970143,0.242536;1611.170493,423.486075;29
1.000000,0.000000;280.338600,218.156468;5
1.000000,0.000000;588.124198,401.814670;31
1.000000,0.000000;944.498771,358.411693;32
1.000000,0.000000;1098.562127,467.407981;33
1.000000,0.000000;1177.808634,343.615256;34
0.997927,0.064359;1618.449057,1022.748945;25
0.514496,0.857493;1432.462941,1136.561385;30
0.258819,0.965926;540.407284,2122.185706;10
0.874313,0.485363;1607.110768,750.355245;30
0.857493,0.514496;986.569720,1308.899388;15
0.707107,0.707107;841.855400,1862.165735;10
0.832050,0.554700;1817.395319,1427.078962;36
0.000000,1.000000;382.602261,2321.624802;38
0.832050,0.554700;1536.479034,1428.653661;25
0.965926,0.258819;1726.308816,1407.790132;41
0.707107,0.707107;1264.895861,1964.491398;38
0.718900,0.695113;1405.941866,1291.842961;37
0.997927,0.064359;2203.837934,943.865286;42
0.500000,0.866025;828.621969,2312.897592;43
0.707107,0.707107;1521.307688,1969.238558;46
0.707107,0.707107;1063.528782,2186.914230;43
0.000000,1.000000;718.329601,2409.133080;46
1.000000,-0.000000;1963.708297,796.267838;46
0.947266,0.320449;2235.956483,790.225380;48
0.000000,1.000000;526.261308,2458.530174;52
0.866025,0.500000;1951.731451,1682.178344;50
0.500000,0.866025;1351.988591,2284.949450;50
0.707107,0.707107;1564.614284,2094.560597;50
0.832050,0.554700;2374.057131,1204.369131;48
0.997927,0.064359;1324.137178,713.395447;59
0.500000,0.866025;1343.267577,2336.263921;57
0.866025,0.500000;2089.937807,1633.289777;56
0.000000,1.000000;736.525877,2455.525305;57
0.832050,0.554700;2343.396502,1424.995110;59
0.707107,0.707107;1803.797454,1992.354877;57
0.500000,0.866025;1248.156129,2315.552408;63
0.832050,0.554700;2403.283111,1443.021812;64
0.866025,0.500000;1993.815289,1702.861572;65
0.660132,0.751150;2205.076924,1708.281473;64
0.707107,0.707107;1722.387392,2022.250642;61
0.947266,0.320449;2400.571718,1166.003797;64
0.196116,0.980581;1842.270833,1823.197991;67
0.997927,0.064359;2531.374191,1199.252521;69
0.000000,1.000000;478.154519,2541.691362;55
0.707107,0.707107;1625.341054,1906.978184;65
0.258819,0.965926;747.668136,2532.905147;55
0.660132,0.751150;2197.533672,1838.839436;69
0.196116,0.980581;1787.189376,2131.412517;77
0.000000,1.000000;594.627923,2571.872016;74
0.500000,0.866025;1315.288963,2328.316065;61
0.000000,1.000000;626.213638,2541.268918;61
0.660132,0.751150;2351.651624,1629.880259;73
0.660132,0.751150;2125.080703,1802.358857;77
0.997927,0.064359;2475.123500,1326.186392;82
0.707107,0.707107;1536.951401,2262.702669;80
0.707107,0.707107;1035.820685,2373.750346;76
0.258819,0.965926;552.097973,2522.808843;79
0.500000,0.866025;865.734925,2417.092790;76
0.947266,0.320449;2502.239987,1345.178992;82
0.997927,0.064359;2507.079956,1084.297568;89
0.443227,0.896410;2091.992137,1951.268643;89
0.500000,0.866025;1436.406247,2386.589046;85
0.258819,0.965926;870.254512,2498.025902;66
0.500000,0.866025;727.057231,2593.647944;74
0.500000,0.866025;1410.153986,2345.648412;80
0.707107,0.707107;1553.376498,2231.957481;92
0.500000,0.866025;1470.807975,2304.758626;92
0.500000,0.866025;746.457363,2537.760279;79
0.660132,0.751150;2219.661261,1825.072139;82
0.832050,0.554700;1943.574992,1940.951448;78
0.832050,0.554700;2277.493016,1540.898101;82
111
94
98
76
93
92
97
85
96
78
65
91
77
99
82
67
89
73
43
43
74
74
87
55
79
79
81
81
94
94
98
76
93
93
6
14
7
15
15
86
86
41
41
51
51
66
80
9
61
61
92
92
97
46
85
85
96
58
58
50
50
78
78
65
65
11
25
25
22
100
72
26
91
91
24
23
56
56
77
77
99
45
62
62
69
69
27
82
82
101
36
36
67
67
89
89
59
59
73
73
39
28
90
48
53
33
29
29
54
35
30
30
