2334.728761,1680.485661
2342.802096,1770.499710
2242.742278,1798.071346
2229.686653,1756.397116
2252.211686,1736.894173
2210.633134,1680.054037
2022.713069,1729.067731
2225.915449,1812.053178
2106.924722,1856.251107
2084.407272,1930.903773
2209.900365,1825.202483
2224.051136,1900.135079
2125.535115,1804.030936
2188.367158,1878.442185
2152.477597,1979.870555
2041.738735,1925.377128
2078.393160,1987.384798
2109.496286,1945.879475
2057.700695,2053.747152
2028.895888,1891.026976
1910.351795,1888.799327
1964.335258,1993.334997
2069.198766,1905.977802
2069.000144,1969.335468
1921.501618,1956.560494
1846.647615,2088.773500
2007.517105,2116.258414
1801.668750,1990.608291
1879.709826,2119.212160
1970.693265,1826.520490
1807.252068,2034.820831
1816.583837,1957.939648
1619.962420,2028.817483
1886.600131,2166.300187
1945.123129,2041.182961
1790.882967,2137.805015
1813.946757,2122.275857
1879.334447,2214.254711
1784.734087,2132.173393
1783.695354,2171.288565
1916.265971,2183.851578
1763.839446,2127.260485
1890.978184,2204.337846
1878.845150,2105.698497
1873.665806,2217.357135
1856.624434,2112.010521
1575.423144,2071.723828
1751.766815,2144.018211
1744.099468,2196.803785
1760.627793,2156.426840
1715.734953,2074.598016
1875.537974,2281.277984
1569.233797,2158.519996
1634.137382,2137.673372
1827.411957,2265.306859
1782.232721,2122.835309
1718.692555,2134.983869
1685.390665,2303.921093
1651.318406,2204.038298
1818.256592,2228.684881
1700.445361,2248.881494
1747.363833,2195.157226
1658.925008,2190.978779
1626.354664,2218.051573
1838.217395,2242.313464
1747.687149,2254.528959
1707.454371,2194.977275
1806.911063,2216.142721
1733.219827,2259.862314
1703.418296,2200.218278
1769.388964,2187.856050
1676.449248,2169.385267
1735.773824,2259.682479
1822.375253,2284.497510
1764.092886,2231.140313
1708.611567,2148.823301
1711.701196,2251.575790
1708.441310,2222.580444
1776.160884,2326.677550
1589.717912,2247.291588
1800.296802,2169.122902
1837.545011,2222.630949
1792.628508,2142.352738
1677.441492,2090.157555
1750.701588,2107.571778
1541.631338,1898.479188
1830.424497,2096.224215
1933.745792,2095.869488
1903.213290,2125.553292
1859.374593,2194.439071
623.806375,652.233213
1816.452310,2098.760552
1751.090623,2144.774393
1853.920433,2229.412755
1834.016912,2178.638513
1807.406550,2079.450794
1787.843219,2203.914787
1917.459238,2198.433397
1758.681407,2038.382354
1727.306495,2160.455061
1813.032695,2144.391873
1901.363739,2239.826133
1705.759819,2179.168446
1556.665177,2013.935021
1839.261699,2119.525018
1914.556495,2196.429294
1902.056871,2230.448709
1589.623408,1932.037168
1783.619694,2059.196475
1779.368943,2165.138780
1777.881720,2056.394596
1815.211007,2205.106148
1789.468470,2012.023385
1690.963247,2130.517458
1951.920026,2183.127360
1954.225128,2162.000470
1972.243895,2143.934666
1968.922216,2139.042818
1926.591008,2148.925503
1898.182654,2099.021891
2284.559205,1701.135365
2212.402364,1695.749058
2360.246671,1672.448412
2258.964355,1687.541425
2230.222871,1753.170314
1962.233532,1740.258752
2237.690359,1689.095557
2060.843883,1785.130049
2021.726940,1792.477544
2171.917540,1786.409518
2065.612323,1781.906898
2105.693113,1716.065854
2246.922509,1798.335874
2133.709201,1783.266369
2053.279046,1783.229862
2192.490911,1862.940399
2180.823263,1800.657646
2215.252701,1770.176458
2317.051454,1783.233175
2065.611197,1831.790912
2055.607898,1831.540702
2130.053509,1815.578162
2102.386514,1874.636884
2041.231974,1835.051772
2059.953206,1909.867249
2090.388143,1898.944432
2035.506060,1911.597329
2038.332836,1859.290582
2032.263223,1922.054462
2183.571357,1939.531186
2102.914895,1869.056826
2059.807747,1939.300588
1967.760058,1840.226556
2147.807006,1988.063942
2100.632994,1953.952549
2137.085860,1870.941264
2114.005099,1902.733331
1918.907075,1835.885836
1916.460802,1978.018280
2106.320552,1979.009025
1496.867098,2337.841496
1575.288452,2214.698655
1552.762756,2347.149764
1457.914308,2324.569793
1521.465773,2325.861620
1534.775124,2320.376045
1511.952897,2321.685267
1533.556743,2360.934387
1416.158629,2359.226905
1511.017247,2323.829174
1644.120804,2223.383707
1433.489921,2243.179377
1460.367573,2223.688471
1599.317078,2323.114979
1583.754934,2295.349306
1584.051532,2258.210355
1600.725482,2253.615092
1604.824654,2204.492146
1545.637324,2283.781293
1478.008230,2362.540372
1544.976085,2300.681008
1568.038048,2311.396328
1538.875618,2238.888437
1593.450796,2244.291465
1616.846650,2280.067207
1589.646707,2146.405780
1641.098193,2258.605363
1692.815022,2175.580155
1641.624642,2219.682828
1570.325673,2226.081722
1720.391859,2171.070381
1585.989827,2210.361642
1625.963821,2264.040510
1613.158824,2282.880680
1595.767295,2161.566110
1629.686596,2279.719195
1550.657367,2216.778158
1553.157913,2320.330984
1450.023800,2323.179235
1572.450826,2292.317062
1313.093418,2404.074025
1373.080833,2369.767292
1432.955500,2352.401721
1304.706496,2403.020774
1384.188817,2308.634656
1405.995447,2441.690908
1308.627387,2257.490619
1339.614446,2449.504594
1243.552507,2395.008516
1413.632183,2394.251336
1376.655017,2316.962023
1164.246839,2359.962050
1276.818383,2363.678611
1289.388479,2386.711540
1334.704038,2428.245078
1292.781250,2396.894239
1363.867958,2363.227830
1232.890283,2451.229895
1235.646297,2466.821189
1275.513841,2316.933602
1121.004132,2476.882030
1282.760927,2496.552158
1340.341685,2320.059135
1357.778524,2484.587902
1238.896646,2444.923707
1232.389235,2507.563957
1174.129895,2468.876735
1165.247874,2492.484603
1241.163821,2359.668090
1085.403033,2503.859126
1206.496742,2468.053469
1219.314866,2475.186418
1216.810121,2505.080411
1142.047312,2424.216897
1046.124867,2521.621733
1214.166775,2516.842883
1082.850421,2506.582028
1207.518668,2506.758421
1183.683731,2503.358189
1186.301814,2432.228743
