150
0.000000,1.000000;65.994516,24.105120;-1
0.242536,0.970143;85.577617,28.946623;-1
0.554700,0.832050;123.559555,-8.200190;-1
0.832050,0.554700;-57.469926,-137.142538;-1
0.970143,0.242536;-4.387373,0.758677;-1
1.000000,0.000000;113.491812,-16.945005;-1
0.000000,1.000000;-48.667200,180.256755;0
0.000000,1.000000;-45.629330,251.725798;6
0.000000,1.000000;-47.484809,277.337782;7
0.000000,1.000000;-44.727198,282.678827;8
0.000000,1.000000;-45.592461,285.019396;9
0.242536,0.970143;249.582724,498.580038;1
0.242536,0.970143;511.478441,956.385122;11
0.242536,0.970143;527.250053,1339.108338;12
0.242536,0.970143;525.499772,1354.749686;13
0.242536,0.970143;523.897475,1446.333253;14
0.554700,0.832050;1225.441953,1117.588919;2
0.554700,0.832050;1784.465762,2424.005399;16
0.554700,0.832050;2251.017566,3402.718970;17
0.554700,0.832050;2848.454769,3851.871753;18
0.554700,0.832050;3140.968813,3981.503194;19
0.832050,0.554700;1927.937074,1513.007132;3
0.832050,0.554700;2743.779370,2547.553446;21
0.832050,0.554700;2720.854104,3276.630515;22
0.832050,0.554700;2808.215359,3759.293965;23
0.832050,0.554700;2951.332473,4061.866033;24
0.970143,0.242536;1753.889253,381.976161;4
0.970143,0.242536;3148.751463,1461.943188;26
0.970143,0.242536;3212.253936,2282.960319;27
0.970143,0.242536;3227.236736,2328.681481;28
0.970143,0.242536;3305.239008,2563.417626;29
1.000000,0.000000;670.670927,-111.127136;5
1.000000,0.000000;2771.985666,1025.345336;31
1.000000,0.000000;3498.538544,1559.965195;32
1.000000,0.000000;3756.886378,1819.412366;33
1.000000,0.000000;3862.600897,2051.488499;34
0.196116,0.980581;2568.656024,4492.930084;25
0.514496,0.857493;3270.855951,3148.974491;30
0.707107,0.707107;3663.697751,3254.272962;34
1.000000,0.000000;3885.313367,2138.277104;35
0.874313,0.485363;3305.654740,3072.669960;30
0.707107,0.707107;3279.653898,3323.044442;33
0.196116,0.980581;2603.127302,4688.689257;36
0.707107,0.707107;3512.376757,3494.743496;38
0.064359,0.997927;2586.616479,4903.841996;20
0.980581,0.196116;3488.495758,3649.751557;20
0.866025,0.500000;3877.555638,3125.161175;39
0.832050,0.554700;2735.193987,4552.874860;36
1.000000,-0.000000;3785.601954,3039.713565;38
0.320449,0.947266;2590.110132,5109.336702;44
0.258819,0.965926;3690.323881,3566.300663;46
0.443227,0.896410;2707.017950,4686.517267;47
0.554700,0.832050;2703.289257,4915.738119;44
0.500000,0.866025;3725.416071,3442.891144;46
1.000000,-0.000000;3967.733038,2934.747372;46
0.064359,0.997927;2391.887294,5200.746871;49
0.980581,0.196116;3296.741608,4339.791412;52
0.866025,0.500000;3749.939907,3697.097480;50
0.997927,0.064359;2947.036287,4181.295622;47
0.554700,0.832050;2740.392159,5104.733648;49
1.000000,-0.000000;4042.973588,2746.148392;54
0.258819,0.965926;3603.979042,3833.464671;57
0.866025,0.500000;3797.710909,3792.800447;57
0.554700,0.832050;2854.775801,5077.998651;59
0.965926,0.258819;3822.788008,3728.715138;57
0.980581,0.196116;3302.735505,4484.096591;59
1.000000,-0.000000;4041.859065,2813.771742;60
0.980581,0.196116;3471.851003,4161.809841;65
0.707107,0.707107;3711.152126,3915.291655;61
0.965926,0.258819;3865.613079,3709.722260;64
0.866025,0.500000;3824.493619,3856.342828;62
0.965926,0.258819;4022.087861,3117.788670;60
1.000000,-0.000000;4050.663437,3079.043031;71
0.554700,0.832050;3087.036702,4862.164913;67
0.000000,1.000000;3526.649640,3961.677692;68
1.000000,-0.000000;3921.133930,3674.480838;69
0.707107,0.707107;3774.473074,3899.299680;70
0.751150,0.660132;3287.992588,4622.066706;67
0.980581,0.196116;3564.670588,3825.569299;67
1.000000,-0.000000;4058.733028,3059.436441;72
0.554700,0.832050;3039.956701,5015.858109;77
0.751150,0.660132;3323.685232,4876.497107;77
1.000000,-0.000000;3930.645830,3650.225952;75
0.064359,0.997927;2564.165551,5244.847240;77
0.064359,0.997927;2752.352523,5267.149543;81
0.896410,0.443227;3409.886074,4617.127352;80
0.554700,0.832050;3063.102599,5004.168157;81
0.751150,0.660132;3329.339353,4852.181612;81
0.980581,0.196116;3562.158049,4577.817335;80
0.320449,0.947266;3043.685421,4970.384454;81
0.980581,0.196116;3560.806307,4494.161554;87
0.896410,0.443227;3479.702922,4191.309697;88
0.320449,0.947266;2825.017161,5066.410523;85
0.980581,0.196116;3568.704887,4188.605840;88
0.320449,0.947266;2740.877706,5279.692753;84
0.554700,0.832050;3076.118316,4939.820691;88
0.064359,0.997927;2729.782576,5267.967964;87
0.980581,0.196116;3638.704186,4160.600331;93
0.866025,0.500000;3806.864237,3873.877686;76
0.896410,0.443227;3568.393311,4356.439695;93
0.965926,0.258819;4027.721296,3155.294291;66
0.866025,0.500000;3814.431354,3855.043840;70
0.980581,0.196116;3708.318364,3815.347948;97
0.751150,0.660132;2904.808162,5060.093037;94
0.320449,0.947266;2826.403919,5206.477402;77
0.554700,0.832050;2750.145904,5214.132905;94
0.751150,0.660132;3222.913279,4795.700122;85
0.866025,0.500000;4008.926935,3370.100861;72
0.965926,0.258819;4020.991892,3449.309235;107
1.000000,-0.000000;4053.025442,3256.588632;107
0.866025,0.500000;3902.867230,3772.024297;75
0.980581,0.196116;3415.452000,4559.760052;86
1.000000,-0.000000;3892.222622,3717.424351;70
0.064359,0.997927;2684.046598,5040.091195;106
1.000000,-0.000000;4072.060959,3109.400278;109
0.866025,0.500000;4019.121585,3488.098075;109
1.000000,-0.000000;4048.259422,3373.020046;108
0.965926,0.258819;3918.141377,3682.342938;110
0.866025,0.500000;3871.683224,3826.399119;110
0.965926,0.258819;4027.713839,3475.314744;108
1.000000,-0.000000;4069.898905,3144.495464;114
0.866025,0.500000;3990.453726,3576.325374;119
1.000000,-0.000000;4075.633498,3244.290646;116
0.866025,0.500000;4002.153140,3566.494068;116
0.866025,0.500000;3857.932271,3811.762919;118
0.965926,0.258819;4047.621547,3487.150476;116
1.000000,-0.000000;4071.779941,3246.717647;122
1.000000,-0.000000;4050.965738,3477.464338;125
0.965926,0.258819;4024.929128,3600.023531;125
0.896410,0.443227;3654.599997,4255.990416;97
1.000000,-0.000000;3956.761973,3616.757533;110
0.866025,0.500000;3976.287401,3642.748747;123
1.000000,-0.000000;4074.736610,3263.711390;126
0.896410,0.443227;3664.801070,4340.222109;129
0.751150,0.660132;3629.625898,4475.481604;129
0.965926,0.258819;4030.857802,3572.330832;128
0.965926,0.258819;4043.950777,3531.708080;122
0.965926,0.258819;4033.660520,3569.799628;127
0.751150,0.660132;3599.993698,4363.968688;133
0.896410,0.443227;3644.757273,4427.707646;133
1.000000,-0.000000;4070.317970,3254.763942;132
0.707107,0.707107;3958.791676,3672.217967;128
0.965926,0.258819;4012.304959,3608.514035;137
0.707107,0.707107;3802.933221,3883.951482;98
0.751150,0.660132;3599.251443,4496.861218;139
0.896410,0.443227;3674.020772,4389.841009;139
0.866025,0.500000;3976.642623,3741.014502;131
0.866025,0.500000;3974.211676,3653.228348;142
0.707107,0.707107;3787.528064,3912.577100;76
0.866025,0.500000;3958.646628,3653.285991;141
113
94
84
104
63
103
80
86
95
81
87
85
88
144
134
139
145
68
148
143
98
118
110
146
142
128
136
125
116
132
122
15
14
13
55
55
83
83
49
49
94
94
104
104
63
63
103
103
86
86
95
95
73
73
106
18
81
81
77
77
85
85
56
56
88
88
134
134
145
145
129
129
74
74
78
148
148
143
143
118
118
146
146
141
141
128
128
136
136
116
116
109
109
132
132
120
114
54
54
29
28
66
66
60
60
39
39
35
35
34
27
33
32
26
