36
0.000000,1.000000;65.994516,24.105120;-1
0.242536,0.970143;85.577617,28.946623;-1
0.554700,0.832050;123.559555,-8.200190;-1
0.832050,0.554700;-57.469926,-137.142538;-1
0.970143,0.242536;-4.387373,0.758677;-1
1.000000,0.000000;113.491812,-16.945005;-1
0.000000,1.000000;-48.667200,180.256755;0
0.000000,1.000000;-45.629330,251.725798;6
0.000000,1.000000;-47.484809,277.337782;7
0.000000,1.000000;-44.727198,282.678827;8
0.000000,1.000000;-45.592461,285.019396;9
0.242536,0.970143;249.582724,498.580038;1
0.242536,0.970143;511.478441,956.385122;11
0.242536,0.970143;527.250053,1339.108338;12
0.242536,0.970143;525.499772,1354.749686;13
0.242536,0.970143;523.897475,1446.333253;14
0.554700,0.832050;1225.441953,1117.588919;2
0.554700,0.832050;1784.465762,2424.005399;16
0.554700,0.832050;2251.017566,3402.718970;17
0.554700,0.832050;2848.454769,3851.871753;18
0.554700,0.832050;3140.968813,3981.503194;19
0.832050,0.554700;1927.937074,1513.007132;3
0.832050,0.554700;2743.779370,2547.553446;21
0.832050,0.554700;2720.854104,3276.630515;22
0.832050,0.554700;2808.215359,3759.293965;23
0.832050,0.554700;2951.332473,4061.866033;24
0.970143,0.242536;1753.889253,381.976161;4
0.970143,0.242536;3148.751463,1461.943188;26
0.970143,0.242536;3212.253936,2282.960319;27
0.970143,0.242536;3227.236736,2328.681481;28
0.970143,0.242536;3305.239008,2563.417626;29
1.000000,0.000000;670.670927,-111.127136;5
1.000000,0.000000;2771.985666,1025.345336;31
1.000000,0.000000;3498.538544,1559.965195;32
1.000000,0.000000;3756.886378,1819.412366;33
1.000000,0.000000;3862.600897,2051.488499;34
26
25
20
30
35
15
14
13
11
12
18
25
19
20
23
22
16
21
30
29
28
35
34
27
33
32
26
