499.044173,2492.816043
499.292705,2492.537449
499.552074,2492.401468
499.579185,2491.693467
499.634694,2491.624854
499.706592,2491.454502
499.757441,2491.096500
500.028487,2489.729693
500.399785,2486.350547
500.890269,2485.074640
500.953731,2483.705001
501.180908,2483.461671
501.253801,2483.287388
509.025067,2482.041551
509.161297,2481.804274
509.288435,2481.454402
509.451822,2471.227966
510.023022,2468.814276
532.140168,2465.990932
533.657635,2465.801344
534.912911,2463.848189
536.538826,2463.737206
538.374516,2462.459267
538.374814,2461.842482
538.682930,2460.554502
539.045647,2460.189836
1115.520798,2272.896627
1118.308191,2272.324193
1122.521597,2270.823399
1125.182240,2270.819879
1127.045897,2270.482288
1128.837772,2270.317674
1133.854781,2266.392400
1136.750553,2265.731797
1139.841172,2265.159235
1140.120107,2264.515860
1141.368112,2264.288530
1144.524438,2263.749711
1150.478818,2263.748090
1152.738483,2262.943544
1156.079180,2258.099263
1157.078396,2256.533463
1159.146906,2256.022688
1160.901733,2255.197447
1167.249617,2254.827476
1171.002697,2253.560490
1174.723404,2244.382922
1175.616653,2244.053441
1177.197908,2242.872158
1182.561670,2241.217016
1182.817108,2239.739823
1195.761035,2237.810784
1204.748582,2237.277491
1208.447626,2230.796276
1220.462417,2227.642323
1246.582835,2223.989622
1246.623949,2219.730292
1247.046007,2219.290518
1255.243183,2218.730544
1277.274252,2214.806481
1282.104482,2213.650658
1282.175767,2212.473818
1288.214681,2211.009878
1289.773179,2209.240793
1294.683350,2208.988103
1303.606644,2207.928068
1309.530499,2204.023474
1315.060182,2202.142889
1317.133222,2198.747980
1319.504764,2197.455197
1332.201565,2192.986102
1333.578138,2191.959400
1338.252131,2191.359436
1344.248687,2186.966879
1345.834599,2186.472307
1350.467349,2185.978489
1354.949936,2183.385203
1472.230688,2180.756202
1482.821212,2178.332576
1491.369753,2175.868898
1501.247282,2173.964687
1507.997891,2173.494408
1519.150839,2170.979621
1521.199108,2165.863877
1529.080992,2163.841062
1529.712413,2163.561612
1542.278186,2159.938628
1558.838480,2154.447074
1586.361850,2141.799932
1587.666831,2139.372229
1587.993629,2139.290246
1594.646036,2136.638329
1602.129958,2129.390980
1606.792214,2123.360022
1610.280721,2122.547312
1613.607166,2122.445828
1617.929502,2121.542945
1621.208485,2103.749078
1631.782939,2101.945807
1635.676403,2100.548123
1647.967241,2094.861155
1669.205401,2092.510953
1681.247808,2083.295683
1715.066012,2082.891226
1716.343996,2077.846388
1718.855724,2075.573803
1722.801644,2071.968712
1734.943546,2064.302138
1739.306792,2059.921779
1745.234270,2058.225874
1745.327285,2058.128830
1749.742354,2053.780427
1755.171713,2051.689735
1756.406145,2049.783657
1759.212043,2046.767098
1763.553174,2046.366104
1773.219329,2041.808659
1777.640274,2037.461442
1778.098736,2036.349640
1780.256037,2034.695637
1782.797266,2032.572279
1790.949295,2019.147197
1830.640026,2017.293812
1830.995327,2015.309490
1833.079599,2013.419785
1835.483651,2010.563607
1836.863196,2008.665217
1837.820706,2002.900297
1839.694799,2002.708249
1845.683473,1996.827374
1855.115066,1991.991637
1856.142390,1989.867127
1870.935028,1978.491605
1871.996155,1977.361248
1879.641182,1975.696918
1884.895536,1970.293986
1885.632121,1970.136023
1889.785792,1968.198145
1894.920509,1964.858636
1896.394758,1961.079151
1904.437258,1958.001842
1904.945501,1954.350397
1905.834150,1950.815396
1910.056145,1950.218137
1911.232743,1947.799636
1914.039685,1947.136840
1917.907003,1945.788377
1921.995332,1939.424890
1923.036649,1938.277807
1924.319727,1936.641757
1926.079826,1934.370172
1928.147156,1932.716481
1933.156978,1929.250979
1940.960568,1925.918262
2031.395362,1923.916827
2038.215800,1922.252657
2040.234615,1913.345668
2041.437817,1911.410385
2043.427502,1905.792476
2043.473248,1903.647675
2044.199015,1901.540896
2045.050966,1900.374653
2050.187238,1887.573007
2056.813390,1886.490054
2058.308429,1886.475777
2062.154249,1883.416915
2065.647880,1876.667780
2066.181373,1875.863957
2067.308514,1865.099784
2068.873688,1846.136129
2078.035997,1822.348116
2085.502844,1815.836839
2091.580333,1805.843964
2096.391717,1789.658226
2097.045272,1781.390489
2099.608922,1773.136889
2100.024283,1769.209588
2103.794950,1764.443247
2105.763396,1761.523091
2113.947708,1746.609912
2115.648831,1736.748413
2123.849332,1731.781349
2129.623669,1731.306071
2141.992932,1716.537768
2148.257253,1694.103804
2149.764259,1691.327437
2157.041139,1686.103185
2159.209980,1681.786750
2167.660666,1674.903336
2169.079114,1666.945972
2171.719306,1662.640585
2177.168776,1658.214271
2181.342959,1644.663372
2186.205486,1640.229274
2189.088729,1636.206348
2192.204178,1615.193277
2192.767042,1608.655075
2194.147245,1599.959058
2196.420674,1598.604906
2198.048313,1596.759883
2198.250115,1593.005187
2198.466162,1587.981284
2203.930695,1581.839559
2206.231854,1578.916130
2206.573659,1576.399719
2206.672831,1565.683613
2208.649199,1565.034833
2210.394704,1555.604002
2210.496643,1374.520373
2211.700324,1368.818592
2220.568586,1366.889684
2224.594240,1360.882133
2237.624652,1348.772278
2240.329304,1341.305630
2248.064183,1329.521778
2249.513497,1319.273360
2251.972513,1314.715436
2259.292651,1307.953043
2273.055497,1261.819845
2278.082718,1228.589545
2280.935170,1224.441506
2289.145297,1219.727686
2305.499997,1127.898138
2307.522491,1127.243037
2310.418796,1116.328364
2314.872855,1115.174407
2316.986726,1102.742071
2321.568280,1092.999951
2322.033707,1049.434751
2326.633467,1031.634080
2330.743452,1007.157493
2331.726140,990.368542
2334.388968,978.514670
2337.690505,970.417862
2338.129234,968.898699
2341.065398,968.646075
2346.430244,958.925172
